167 41 44
13 59 33
36 44 39
218 5 30
393 49 29
368 53 14
228 80 39
434 8 2
401 81 17
222 61 34
456 35 62
101 48 5
196 26 43
402 70 37
436 48 15
321 86 21
273 74 21
470 31 -1
40 6 55
236 23 12
270 7 29
152 37 29
75 7 20
381 82 40
164 40 11
261 64 5
250 6 41
455 93 67
161 8 70
292 26 45
228 74 12
493 32 27
456 90 36
264 8 12
406 45 20
311 50 31
337 74 61
225 91 25
290 70 21
282 70 54
259 100 6
258 84 7
45 68 38
45 23 26
348 41 24
194 44 33
69 27 17
272 99 8
458 31 30
14 98 28
218 81 31
455 57 64
71 43 27
462 12 15
219 65 1
192 59 19
325 26 30
336 53 8
266 13 34
415 88 30
430 13 16
45 46 25
398 76 49
333 14 2
401 78 18
243 27 8
293 60 41
41 4 37
179 30 24
91 79 62
286 88 23
153 58 1
135 42 35
168 8 27
67 36 19
291 74 33
403 23 57
253 94 49
282 20 14
130 39 21
322 93 50
490 11 44
6 20 46
389 32 24
277 75 12
365 9 31
394 64 15
280 97 53
158 33 23
438 60 46
400 22 11
381 61 30
321 48 6
63 38 58
334 52 16
238 29 31
22 4 11
194 44 20
50 66 19
181 78 46
50 63 50
484 72 29
205 49 46
118 50 47
283 95 8
213 74 33
108 9 17
58 89 28
431 24 17
448 43 54
150 9 14
327 97 22
9 87 34
394 84 52
116 64 33
196 88 46
2 41 45
390 89 50
314 88 14
497 24 37
69 12 56
4 30 1
3 4 25
441 100 45
28 39 11
278 15 57
102 82 69
357 30 34
93 26 41
208 87 38
352 30 45
163 9 42
476 66 40
209 53 49
285 83 25
197 94 43
423 38 38
211 71 24
288 66 26
318 11 35
413 56 29
314 58 15
99 25 21
28 67 58
289 68 23
385 34 46
326 14 40
369 57 24
67 79 34
21 45 18
14 21 5
210 10 39
19 71 7
14 45 48
474 40 51
412 81 59
76 17 4
162 65 39
86 52 60
186 81 7
451 46 13
291 27 30
366 93 49
274 98 19
472 28 26
462 82 46
337 62 59
307 76 25
54 51 9
344 66 37
116 70 19
254 40 40
35 59 12
455 66 7
382 61 42
312 100 23
432 91 16
282 22 36
295 20 35
383 95 19
301 46 46
158 25 10
76 79 35
41 49 14
91 84 20
254 52 25
176 47 24
57 87 34
173 72 37
92 1 11
441 64 13
447 42 6
34 35 24
327 82 31
450 52 34
278 27 60
419 7 15
393 72 33
53 84 26
390 15 8
330 72 19
465 9 38
429 3 14
198 92 12
74 22 7
155 35 32
373 26 48
148 53 8
117 52 13
313 34 37
388 49 21
240 94 30
32 18 8
54 47 42
138 28 40
46 1 24
162 90 27
165 2 20
366 20 7
275 51 55
17 92 23
423 31 8
172 83 3
132 17 32
64 35 63
500 12 29
397 39 25
107 2 25
424 73 48
283 25 37
243 60 9
6 59 14
227 31 25
355 89 14
17 74 35
146 24 31
59 1 12
299 60 19
36 43 5
260 50 18
400 40 6
426 84 69
76 47 41
388 85 23
411 48 32
160 51 43
102 32 28
444 14 19
491 14 27
141 65 24
4 100 15
362 86 4
146 74 13
211 50 34
173 60 20
301 51 19
467 26 20
212 41 20
466 91 13
446 98 2
216 31 30
474 34 26
301 68 28
246 57 26
298 40 2
130 4 17
177 84 24
43 80 10
113 43 66
19 26 56
65 16 26
115 91 14
235 62 17
98 71 45
50 49 25
261 91 31
7 80 31
446 72 20
130 37 47
151 5 46
76 10 38
11 6 14
471 5 36
392 51 26
152 91 55
27 36 34
240 13 15
218 44 28
338 85 58
98 59 6
152 29 36
332 91 5
418 98 22
289 70 57
451 27 26
463 64 13
22 91 40
99 72 49
390 12 10
407 1 16
189 62 46
405 72 52
90 85 21
10 26 7
258 52 30
143 44 60
105 33 13
180 14 4
447 14 63
431 55 34
84 1 55
158 52 29
346 23 51
219 81 46
82 54 23
302 40 43
90 55 54
44 24 42
155 5 44
390 43 37
349 11 36
364 26 31
417 17 10
371 20 11
215 78 21
109 60 9
248 59 42
441 7 12
224 74 58
380 73 22
158 37 10
79 31 32
489 61 49
352 60 18
417 73 43
223 21 39
426 23 44
11 48 5
270 44 53
115 82 10
110 14 17
235 38 14
480 100 10
214 23 8
485 36 43
6 19 5
345 97 16
423 48 43
368 30 10
207 2 15
490 36 21
142 28 42
385 50 30
446 21 3
443 23 44
391 62 44
168 78 29
420 70 31
26 84 27
386 80 50
50 94 1
18 31 70
408 71 34
497 1 19
473 76 53
66 14 41
328 81 18
332 32 43
3 9 38
339 98 41
168 93 24
193 58 33
386 41 3
99 81 40
337 76 26
484 66 4
163 83 24
27 12 36
121 41 15
81 92 14
70 58 17
296 73 38
292 37 46
119 30 44
236 39 30
119 58 9
122 10 11
83 70 35
7 45 6
24 52 31
305 42 11
121 25 48
218 11 37
366 27 37
89 3 39
248 30 40
435 14 23
189 36 12
390 35 3
272 40 30
406 48 37
136 26 65
257 27 47
413 54 24
394 8 40
297 82 24
254 50 13
243 75 10
419 61 32
170 87 16
260 14 13
311 58 18
182 37 19
215 44 11
270 3 22
77 3 27
272 97 40
261 30 22
94 95 17
484 22 16
288 95 7
226 58 16
57 33 28
481 44 23
385 53 46
155 74 58
148 48 40
394 40 57
67 27 43
161 1 24
179 92 45
38 71 36
59 96 7
155 23 57
214 95 28
189 25 12
445 7 9
396 46 8
23 12 29
19 18 23
140 65 14
291 9 44
54 55 42
250 35 45
199 19 26
88 14 41
130 -1 43
83 11 14
297 6 18
253 29 54
38 43 3
212 96 15
175 19 3
58 26 23
188 18 27
487 90 26
365 96 22
186 82 19
157 14 57
170 68 30
173 70 25
9 58 4
244 50 18
493 9 29
353 80 28
482 72 60
13 87 19
101 13 5
234 98 53
356 1 31
106 42 15
482 72 16
179 99 46
37 53 34
265 84 32
33 6 49
6 57 18
467 96 57
273 30 8
337 19 2
217 1 8
95 69 38
166 9 33
217 80 35
175 78 42
159 34 45
352 43 2
396 71 13
179 90 35
450 8 4
447 53 10
225 64 15
442 34 18
147 80 21
57 83 18
255 42 24
13 52 36
322 64 10
196 92 41
401 81 62
482 100 6
127 89 53
237 60 43
79 60 58
79 64 10
407 55 30
467 51 21
350 23 13
88 23 18
159 34 26
365 72 16
2 57 21
63 75 30
109 15 21
156 50 10
160 46 26
332 21 14
185 71 7
364 86 2
406 41 36
178 7 54
47 50 67
261 28 13
26 68 5
284 15 12
422 90 51
61 7 40
386 53 2
296 3 43
51 38 5
495 62 7
429 96 10
362 51 32
93 30 46
203 73 18
249 88 6
86 12 31
129 53 10
469 46 25
29 100 44
204 65 12
389 25 25
212 27 31
439 28 40
48 65 43
170 -1 27
328 82 8
99 40 50
64 58 25
185 93 20
373 33 16
216 36 36
410 2 8
1 48 24
46 9 32
72 86 33
422 8 40
80 56 42
219 64 34
210 35 43
402 36 38
471 44 47
280 50 47
4 1 32
34 71 36
191 96 19
78 66 18
213 54 13
132 85 43
267 33 27
185 10 12
39 59 53
11 25 30
486 50 4
225 1 6
285 68 13
52 77 33
286 50 2
8 95 10
471 43 35
383 59 52
78 5 12
11 89 19
80 16 33
402 45 40
114 93 37
152 82 20
413 78 29
244 92 29
128 40 38
496 5 23
465 81 25
162 94 7
433 70 28
94 36 29
247 51 16
42 35 27
118 77 11
190 1 37
50 24 17
179 89 36
358 91 11
20 10 10
157 41 16
125 69 21
357 56 23
179 36 9
459 98 37
337 39 66
167 61 39
301 58 7
378 85 9
340 98 34
57 76 38
469 79 40
68 11 34
129 57 20
97 99 42
39 86 6
471 34 28
444 17 47
61 66 22
483 21 29
276 25 25
461 12 61
346 79 28
486 57 1
429 52 45
216 87 16
153 60 44
232 53 10
478 97 57
8 89 10
319 22 2
230 34 6
417 96 13
407 22 31
154 20 8
497 71 18
430 2 27
46 60 22
493 4 36
372 81 30
344 64 20
431 78 6
447 26 48
207 48 18
219 3 18
130 95 20
209 52 31
336 55 16
304 36 55
174 47 32
377 87 36
162 98 28
49 28 49
435 96 41
420 2 13
420 78 12
380 5 60
304 44 34
145 15 20
449 66 14
165 5 17
422 6 16
435 35 11
314 57 49
24 2 22
267 61 36
366 65 57
322 2 8
489 83 16
492 52 37
61 45 29
254 79 4
332 85 21
397 88 10
104 28 31
182 17 10
271 56 45
49 38 60
498 46 3
174 59 39
56 39 20
52 69 57
237 75 51
408 27 7
316 70 18
371 40 24
118 97 6
384 54 20
409 45 56
120 51 38
158 46 14
70 27 20
340 93 26
376 21 34
381 87 10
6 67 24
50 33 8
136 44 5
444 74 18
218 27 19
394 82 21
472 57 27
173 24 27
399 45 41
320 50 9
454 73 36
187 23 30
65 54 25
139 23 37
421 80 33
348 9 54
197 24 31
407 70 25
142 83 36
357 34 36
88 2 16
376 37 40
369 95 27
303 32 34
143 91 30
126 66 15
299 6 11
259 22 24
11 91 33
337 25 57
308 4 27
177 90 20
432 7 10
391 74 37
212 32 17
70 29 2
187 7 13
484 81 4
364 90 6
15 38 25
1 76 30
445 57 22
163 10 15
360 66 4
398 90 4
206 35 50
130 47 19
374 2 30
153 46 39
112 48 55
450 66 43
151 81 9
9 30 6
87 59 38
142 5 51
193 23 14
371 37 50
279 24 5
204 62 20
427 44 49
225 79 20
189 16 50
372 42 7
216 22 18
11 99 36
174 81 17
294 13 28
108 30 10
108 97 62
464 97 35
338 98 2
343 82 1
470 83 13
199 4 39
464 27 47
386 26 46
241 38 10
227 61 33
384 41 13
102 99 44
51 78 67
281 97 35
75 100 21
277 85 33
274 57 17
69 25 9
317 13 7
363 55 5
366 65 56
260 75 11
364 87 34
12 40 12
260 52 2
437 78 48
43 71 22
235 44 61
218 84 22
299 34 37
246 78 18
160 49 24
216 4 57
500 7 -1
165 86 5
236 98 47
174 4 24
363 22 21
54 79 35
436 90 17
96 85 50
54 46 27
65 22 10
387 62 16
344 27 13
130 20 62
495 80 53
385 33 5
249 53 13
191 82 4
298 60 45
464 56 33
92 51 65
470 45 6
313 41 8
189 23 21
265 72 29
69 53 31
68 74 45
217 87 41
385 90 2
118 9 19
1 39 58
314 34 3
5 46 45
50 18 5
304 56 18
48 39 34
439 7 24
327 36 44
230 17 28
295 59 62
376 17 8
276 63 16
405 47 40
107 89 35
201 30 33
140 63 27
353 84 33
106 90 5
350 36 44
168 21 53
66 97 21
43 58 50
476 77 17
80 6 39
298 54 35
457 36 23
132 10 20
370 3 39
29 49 12
359 6 26
403 67 9
102 62 22
478 52 28
407 24 20
93 52 30
149 87 42
287 68 64
374 19 29
386 62 44
75 51 18
444 61 31
64 62 44
6 93 36
422 55 2
404 40 42
167 22 21
112 72 13
76 58 24
470 54 15
7 63 39
231 18 30
384 38 36
326 25 61
74 46 27
449 49 45
327 38 16
358 5 44
42 28 23
403 96 24
95 33 15
230 88 26
190 93 20
83 79 28
96 55 9
489 75 31
22 7 13
363 61 27
10 7 25
3 67 19
272 17 24
342 90 5
402 66 19
449 50 3
102 42 41
151 81 25
333 20 21
330 29 62
190 36 28
216 98 32
199 21 47
314 51 34
331 15 19
208 15 43
168 91 43
381 59 61
99 64 57
179 42 45
405 90 55
156 53 12
315 61 35
200 14 28
374 73 32
63 20 34
197 22 38
121 17 39
469 38 39
45 100 13
399 36 49
459 70 7
210 69 1
494 1 9
231 10 58
107 12 33
403 48 13
18 64 14
263 81 58
90 8 48
203 16 34
354 98 9
116 17 4
409 73 24
477 84 11
99 63 65
252 8 38
91 45 51
112 37 37
234 1 22
116 58 46
229 5 15
366 81 11
78 26 20
246 64 25
108 34 6
499 4 53
104 96 27
5 16 21
372 100 54
132 70 46
334 92 22
374 52 54
271 90 36
74 2 13
429 90 25
41 100 33
421 44 23
125 69 30
472 15 40
4 76 10
378 78 12
150 18 17
383 53 1
341 44 8
354 97 43
321 97 2
353 45 27
374 54 17
303 39 1
60 85 45
206 8 8
343 25 33
394 88 54
263 24 2
93 43 24
411 77 27
89 15 16
339 25 17
32 38 44
163 23 43
282 66 37
460 10 12
226 70 12
455 4 30
453 93 2
109 14 22
264 9 2
248 27 19
488 61 60
348 72 11
342 29 4
421 26 1
153 12 51
231 7 48
87 44 7
405 96 10
38 38 41
444 96 26
376 45 62
22 100 18
163 17 27
424 10 7
6 83 22
78 30 20
467 62 38
298 55 47
302 3 39
229 7 56
499 67 9
408 71 26
452 81 6
183 45 8
51 89 33
279 71 20
265 77 30
202 72 5
94 97 62
377 50 28
20 50 34
88 67 17
209 77 24
402 96 46
387 63 11
190 44 8
349 62 25
154 61 27
187 97 5
453 21 15
342 97 40
44 64 48
347 90 36
230 84 37
150 32 26
14 69 12
389 40 50
388 29 20
193 42 49
175 34 12
417 13 25
84 96 31
371 12 24
304 39 56
20 64 -1
154 31 54
193 63 57
176 33 41
400 45 46
361 48 7
403 54 32
273 31 27
236 35 29
381 77 26
77 47 4
31 60 6
250 96 27
361 34 34
301 95 40
17 25 25
284 45 51
321 96 5
427 12 15
14 89 43
136 11 14
76 61 13
244 48 23
399 5 9
449 3 5
298 18 46
181 94 33
69 18 39
203 18 44
282 85 22
499 32 14
206 82 22
351 99 33
293 11 23
42 46 53
422 99 40
148 17 24
400 83 26
301 56 44
100 5 5
53 24 30
474 37 21
23 88 26
337 77 21
93 73 54
30 54 47
425 85 54
163 97 45
29 15 55
450 69 28
120 70 18
305 23 14
59 12 9
8 54 19
220 74 2
344 22 32
305 24 43
93 5 15
43 7 34
76 31 30
290 14 9
337 82 17
125 85 44
141 9 23
153 42 15
271 1 19
29 12 26
453 92 40
76 77 20
63 39 40
80 63 9
435 71 60
142 97 9
25 90 10
443 77 37
352 21 49
35 28 15
207 76 35
306 99 43
270 79 19
214 22 24
359 5 53
50 73 26
428 57 50
338 96 17
122 73 2
312 49 50
263 10 17
61 16 30
465 80 22
465 36 63
244 38 38
33 4 35
10 39 53
203 53 57
113 12 35
28 14 32
330 84 9
403 10 17
13 21 53
261 54 30
255 1 25
165 75 45
102 43 30
24 25 52
52 36 17
483 15 28
420 93 31
49 68 29
432 39 21
93 67 56
243 91 46
402 61 30
239 89 39
183 53 40
72 54 64
33 36 27
247 40 66
470 1 26
77 46 25
435 6 10
84 6 34
338 67 12
463 10 14
61 85 5
42 44 50
35 5 14
403 6 48
411 94 38
100 6 38
79 30 47
469 92 25
67 13 30
403 92 26
474 7 10
250 49 54
187 94 15
283 53 29
91 34 39
485 40 21
37 62 2
458 62 24
318 23 6
147 10 2
474 40 20
303 23 11
157 89 4
390 13 31
28 55 59
29 76 45
197 60 25
33 72 24
56 63 50
39 42 8
211 78 54
432 88 15
215 49 6
72 57 11
329 42 5
169 4 66
210 7 27
33 71 9
433 72 22
95 14 3
42 71 29
141 79 32
492 74 52
184 50 25
498 28 31
499 39 17
410 21 2
459 6 29
319 27 42
94 68 27
411 29 31
297 90 5
21 92 2
155 57 17
187 76 28
133 40 1
366 50 30
377 80 17
292 67 49
345 65 21
373 70 7
445 90 4
181 85 48
334 83 27
35 94 11
60 30 3
76 18 14
242 37 51
60 62 42
476 29 29
284 47 5
292 29 16
310 26 3
73 97 16
333 86 7
83 78 10
321 72 9
147 22 50
289 1 26
248 40 24
295 9 17
5 59 44
444 52 6
81 85 14
57 78 56
300 39 48
488 28 24
74 98 53
2 50 37
46 29 43
109 34 55
266 96 15
48 84 48
43 30 17
293 88 38
381 82 16
425 83 30
58 47 1
260 51 12
410 78 59
333 35 67
18 45 54
181 18 19
76 7 10
412 89 26
440 49 57
28 35 21
67 36 33
305 42 22
422 20 47
347 91 26
322 53 4
37 98 8
396 91 41
325 97 37
284 23 16
365 8 50
327 78 24
269 24 46
129 11 66
230 71 18
180 26 11
479 14 6
291 12 13
235 17 1
380 86 10
307 29 20
325 77 17
154 13 41
391 89 44
232 88 40
175 97 53
475 98 23
193 6 57
462 3 56
49 41 24
439 9 2
102 39 31
328 89 60
1 2 18
217 76 7
481 76 62
179 98 29
338 59 2
419 17 39
107 12 22
353 12 2
313 75 7
350 84 44
289 75 45
57 68 12
171 3 45
400 58 30
379 68 15
172 100 33
180 35 4
71 10 24
48 99 20
218 49 33
12 84 47
63 58 14
229 22 12
21 74 22
384 51 7
102 83 31
173 70 9
253 97 8
154 93 44
214 45 29
437 16 55
158 75 29
457 49 26
267 76 52
97 45 59
368 98 15
284 1 28
193 57 8
483 84 22
132 58 21
286 41 44
38 65 35
360 55 47
63 99 26
16 8 28
444 83 4
347 98 29
242 92 43
129 62 9
490 71 2
144 43 7
175 12 25
171 72 13
419 39 37
491 49 15
121 59 57
487 97 13
239 98 20
110 29 24
181 51 42
169 18 48
105 79 16
77 81 8
67 65 49
56 78 26
339 11 36
410 27 31
240 10 8
248 41 9
417 98 54
416 67 18
14 9 43
481 64 6
85 19 7
44 20 30
185 94 8
403 11 2
177 63 30
423 42 15
257 100 44
418 40 46
417 93 31
409 85 30
343 97 5
466 8 24
202 42 40
496 84 43
476 12 15
240 88 27
477 76 19
317 75 22
306 41 19
260 17 24
127 56 2
220 51 5
494 50 29
325 46 29
172 1 6
42 40 18
408 13 22
127 52 31
31 79 6
256 64 41
13 58 32
155 88 30
388 92 5
84 50 44
262 37 50
141 18 17
448 26 35
305 54 33
343 90 12
316 2 11
35 55 7
498 33 15
273 96 24
418 8 16
63 12 39
65 85 25
274 60 46
213 6 28
361 82 7
448 86 38
366 54 10
465 63 49
47 43 31
254 25 24
65 42 7
399 21 22
106 73 12
410 22 35
406 85 55
384 42 67
19 65 43
130 71 32
271 69 15
41 75 21
24 97 63
244 89 42
335 21 40
2 64 25
414 95 50
163 66 35
357 88 34
136 93 46
439 88 4
189 58 14
109 38 35
61 37 12
272 50 24
253 14 12
193 40 36
123 21 39
85 13 7
459 96 45
428 7 11
140 94 34
470 38 27
483 84 19
128 77 25
498 95 23
342 1 22
193 6 35
359 22 21
269 80 22
178 55 8
90 17 8
193 50 47
197 97 49
24 56 40
438 74 16
500 63 29
237 9 41
271 22 26
163 21 9
109 63 46
201 2 16
133 11 12
471 87 42
341 12 15
285 15 53
287 56 15
424 91 48
253 39 62
120 25 24
82 80 18
272 87 10
371 71 11
158 77 45
352 68 48
172 81 42
95 50 18
343 43 10
14 90 29
341 98 70
327 77 46
196 90 8
195 47 25
196 27 39
69 46 17
288 21 18
213 4 56
232 92 17
134 33 22
199 40 49
90 8 20
304 92 37
347 8 40
372 31 19
214 29 44
14 15 30
213 78 24
458 76 4
467 28 11
219 63 32
470 72 19
95 55 13
137 60 10
498 9 14
183 44 15
361 2 36
272 97 12
442 74 51
119 77 10
252 39 59
41 47 28
374 35 28
112 72 6
68 13 33
326 21 38
449 76 3
366 29 21
375 95 36
29 68 4
131 73 53
455 15 45
175 87 22
359 75 25
2 27 29
348 42 30
261 43 17
115 50 20
116 78 60
216 49 41
23 88 33
215 96 35
1 71 23
264 36 24
278 82 32
283 48 35
277 12 55
260 84 24
355 62 11
457 59 2
361 3 60
333 19 12
138 70 55
134 49 30
292 60 1
330 41 -1
38 59 60
337 58 48
6 79 2
445 90 64
278 85 59
229 36 10
462 83 9
270 79 30
347 52 3
350 60 13
343 24 17
20 31 15
12 51 45
412 12 16
481 53 35
393 71 35
26 44 39
224 92 51
445 78 16
9 33 32
118 47 55
21 24 60
16 90 23
6 91 30
134 13 30
490 1 26
457 21 27
339 18 29
138 3 30
18 16 51
226 41 25
469 69 3
351 32 31
188 93 22
181 83 6
413 13 21
395 32 21
163 32 5
52 4 26
384 11 14
334 59 14
317 96 24
255 24 40
298 61 5
463 7 37
259 24 16
134 25 3
135 80 20
27 57 47
332 1 67
203 99 38
160 74 24
320 55 54
436 29 5
496 18 44
420 59 37
84 69 42
124 90 1
155 78 47
472 87 53
370 85 54
139 10 38
26 69 38
411 54 38
304 92 1
450 -1 34
351 44 36
13 2 21
169 35 30
76 39 36
285 77 6
397 80 56
205 71 9
404 79 20
22 77 33
363 85 47
175 55 17
283 39 29
443 33 29
304 39 5
280 49 8
56 95 49
183 29 25
166 76 45
351 3 34
412 79 11
390 49 19
33 48 44
38 37 22
32 78 31
468 11 30
190 25 22
187 58 28
332 56 26
452 2 28
463 34 28
117 23 11
390 99 25
218 97 8
83 65 59
79 38 33
12 57 22
324 77 6
22 91 39
79 80 32
473 48 28
444 71 24
87 20 11
409 100 15
337 79 2
340 88 38
67 63 3
479 61 43
388 56 16
367 48 42
14 38 10
295 52 38
447 53 30
219 26 27
426 63 5
318 33 25
44 78 2
425 44 18
433 96 43
47 80 26
384 7 39
435 9 23
326 16 56
249 34 16
496 51 61
250 37 43
438 89 17
148 5 33
191 40 49
417 97 20
446 71 26
366 42 22
485 30 10
408 65 54
253 38 15
343 72 40
63 16 32
413 71 22
341 83 6
424 8 6
289 47 45
463 15 29
252 86 35
109 53 24
321 67 6
337 92 44
274 20 57
80 65 20
25 53 19
405 95 34
334 3 18
291 22 3
47 35 23
14 24 8
386 42 30
394 5 24
51 15 37
183 14 23
83 32 51
3 80 16
27 49 36
381 22 21
436 68 43
417 36 44
59 75 17
287 78 25
127 37 30
250 28 14
439 59 19
295 49 5
466 88 45
480 20 24
150 45 49
23 71 21
20 -1 17
64 38 28
338 2 17
241 81 34
200 38 18
74 14 33
236 92 23
131 49 55
186 98 45
490 64 13
221 43 15
268 46 11
133 76 33
215 7 15
489 83 5
68 3 39
43 4 28
46 75 11
20 59 49
225 16 27
50 35 27
103 51 28
111 33 20
37 86 22
212 46 51
104 20 48
312 47 15
20 48 5
11 46 8
340 42 17
180 60 43
235 97 28
352 11 18
174 3 2
431 81 42
78 55 48
441 34 33
109 14 58
110 85 38
121 24 5
250 20 7
47 59 47
288 68 54
167 92 29
448 51 51
71 38 32
500 90 36
228 16 53
219 50 6
237 33 9
451 97 29
113 37 24
76 5 34
403 15 13
283 58 13
122 43 15
80 68 25
409 56 61
315 56 11
108 100 6
464 44 46
30 21 55
332 70 47
16 82 21
254 43 1
156 49 38
304 89 49
79 49 24
379 69 21
259 52 34
275 34 31
228 58 41
358 5 15
493 48 6
309 18 57
466 35 19
455 91 24
129 69 27
400 73 25
377 93 54
438 41 32
101 83 57
248 31 60
185 89 25
431 67 1
112 93 8
12 90 55
83 89 18
181 91 20
25 63 17
293 22 17
310 73 41
161 94 23
96 38 19
233 52 12
181 38 12
447 19 15
137 41 24
171 36 49
29 50 29
339 99 4
402 79 48
469 99 7
143 48 10
146 25 6
112 19 58
20 82 28
233 59 9
279 24 1
445 5 17
238 53 29
372 12 34
311 66 23
434 18 6
397 7 15
22 1 58
203 54 35
311 62 66
166 45 21
157 88 17
405 90 18
7 84 35
28 63 18
355 28 21
227 88 32
87 52 40
440 29 26
340 59 6
439 32 22
156 100 46
323 49 31
322 39 16
415 26 15
174 50 2
152 81 19
98 6 6
85 72 18
104 95 12
347 49 10
155 21 12
166 21 55
481 51 34
283 66 22
387 37 9
153 91 14
39 47 51
19 97 6
484 78 47
165 25 37
172 67 44
165 88 18
246 27 30
117 54 58
52 18 20
394 71 50
353 58 20
42 85 15
260 66 -1
350 65 16
81 25 10
228 39 17
433 78 25
82 94 25
36 72 21
132 88 49
304 55 8
272 46 60
265 74 24
465 64 37
195 20 52
144 72 6
460 22 3
384 8 3
31 23 38
155 10 36
210 46 19
478 45 14
216 36 44
57 27 14
62 87 32
418 67 35
405 3 32
400 68 41
171 89 35
461 70 48
416 9 19
488 72 3
264 26 42
352 84 11
482 1 24
128 1 39
89 71 34
492 46 27
54 53 18
325 12 25
490 10 31
56 46 4
302 74 7
247 85 30
448 92 25
440 71 63
143 69 20
308 28 18
268 15 19
293 91 2
278 20 12
461 5 18
496 14 15
389 49 4
310 64 9
375 46 39
438 18 47
419 60 60
473 45 42
140 55 36
85 87 41
302 81 43
107 74 41
364 42 46
337 48 34
20 73 17
195 78 23
252 18 37
294 80 28
352 88 46
97 100 35
189 81 6
253 33 55
289 43 15
330 10 52
141 81 29
77 75 33
269 37 17
53 79 62
44 9 6
239 31 37
198 14 10
268 43 66
178 52 22
298 22 26
485 25 69
389 21 24
85 46 29
359 29 5
345 21 47
243 27 37
178 74 45
347 84 48
360 45 54
43 95 13
369 87 65
140 83 24
441 3 49
375 69 9
95 12 17
494 68 33
468 52 6
404 61 46
211 82 47
74 46 63
6 75 2
299 7 8
197 76 28
155 44 31
409 90 51
183 99 9
243 48 29
214 61 33
187 56 45
314 71 24
246 71 14
66 26 24
167 17 36
316 91 34
158 3 11
222 24 4
85 53 35
323 28 42
305 63 7
479 30 39
472 37 22
126 77 54
351 84 44
366 12 33
100 69 54
264 90 43
318 61 35
129 28 26
127 83 37
27 83 7
435 29 55
273 78 53
167 14 25
93 62 29
334 56 15
113 90 7
303 88 17
471 28 22
4 80 32
464 11 23
192 57 11
440 100 20
298 92 38
114 17 23
24 26 1
98 75 34
190 37 61
427 89 1
143 56 21
12 35 12
276 64 30
98 37 12
361 22 32
48 65 34
159 74 54
162 65 24
321 14 47
200 79 33
105 18 56
84 17 53
157 57 34
415 94 14
56 6 17
152 61 20
98 94 2
463 70 64
439 2 6
46 12 23
56 53 26
307 14 26
178 28 58
309 40 48
93 52 22
249 100 19
282 40 7
205 74 8
322 78 24
139 5 47
112 93 7
280 78 17
156 40 39
210 55 10
392 5 1
62 55 58
302 8 42
12 17 4
57 87 42
300 33 4
442 43 37
345 48 29
345 52 47
16 56 7
365 42 54
385 49 21
466 21 1
215 94 28
211 37 3
441 58 38
101 97 56
37 78 58
74 11 33
370 28 38
235 92 40
162 11 4
264 70 28
11 64 4
204 71 48
416 40 4
453 7 48
201 73 26
116 15 8
78 72 14
393 86 62
365 4 36
350 43 5
452 87 33
296 24 36
474 39 26
134 15 29
151 42 63
350 52 18
498 32 44
426 5 4
352 1 39
416 37 54
496 95 2
158 18 31
216 56 37
400 52 24
142 85 29
67 61 52
87 76 34
323 87 46
197 10 60
377 2 60
401 98 21
133 42 49
191 4 17
175 44 17
171 78 46
116 27 10
336 22 3
450 58 30
265 26 30
231 32 39
369 56 62
438 40 10
151 40 17
114 35 35
237 84 6
434 32 41
152 78 25
303 27 22
372 91 46
107 59 60
175 63 46
154 63 24
480 66 2
456 4 24
306 28 65
447 36 23
406 84 24
210 35 18
194 56 56
182 28 14
129 11 17
166 50 59
214 5 30
462 21 13
230 97 33
50 50 41
227 57 9
64 86 9
248 18 41
138 36 37
317 48 37
53 10 3
111 19 19
77 33 66
102 64 23
185 31 58
343 15 42
350 10 19
226 88 19
258 27 46
333 41 14
171 3 48
487 66 40
109 50 38
451 38 10
47 48 20
186 84 35
24 53 20
206 57 29
50 56 12
167 86 15
180 56 1
414 62 2
345 76 11
328 59 35
15 51 13
207 84 19
50 38 16
233 23 34
337 79 39
75 7 24
434 19 16
85 78 19
284 79 6
280 94 54
114 28 14
193 2 18
332 16 55
27 90 39
169 42 50
37 86 16
191 13 52
458 83 23
178 45 37
464 57 34
198 63 37
348 61 12
473 97 29
432 83 20
195 17 27
256 77 10
394 66 38
101 95 38
80 37 45
465 80 20
463 38 22
408 90 31
345 88 39
234 3 7
203 23 48
355 81 33
458 40 2
438 32 14
439 85 29
474 40 22
327 67 23
320 72 47
405 20 10
410 52 18
340 32 4
307 44 19
163 32 45
338 12 13
211 82 41
402 99 28
1 76 16
467 12 28
165 53 16
148 33 13
22 17 21
150 59 26
209 76 1
242 18 48
182 52 55
66 13 41
321 82 21
197 24 55
450 48 12
122 96 33
76 88 9
292 40 15
337 90 12
129 27 7
202 65 34
165 43 3
16 42 10
381 83 37
365 11 48
423 62 25
390 74 60
337 68 6
421 74 49
226 62 34
447 27 56
43 6 33
281 88 33
112 20 50
340 37 10
313 7 31
470 54 31
348 86 52
443 68 22
455 41 40
428 98 62
245 78 21
441 16 46
437 22 49
107 38 42
205 52 5
292 10 34
359 47 4
91 72 51
177 26 51
362 77 1
348 84 47
415 78 31
106 27 35
50 3 40
202 95 31
408 96 2
466 42 34
329 87 12
190 43 28
484 69 53
171 41 30
295 56 24
416 16 43
74 14 33
207 67 59
151 53 46
110 -1 58
181 26 42
75 26 61
413 65 50
117 47 44
165 44 6
148 51 10
53 90 48
215 78 35
4 24 22
88 94 27
228 87 29
162 47 25
313 20 30
429 70 32
11 25 13
203 44 5
195 47 37
385 27 20
325 75 39
194 64 9
485 95 24
120 76 13
437 83 49
259 98 9
242 57 29
59 91 47
271 33 35
197 52 33
110 64 19
187 59 11
399 59 47
494 83 13
76 9 19
488 85 17
333 27 39
289 9 36
295 75 22
196 86 21
34 20 2
274 36 38
401 35 43
419 7 14
478 25 3
302 61 51
277 87 15
333 100 14
50 69 37
313 71 2
400 36 22
398 9 23
247 2 9
13 5 44
4 86 23
246 62 22
482 35 45
304 85 4
473 13 49
290 27 19
116 11 4
322 21 51
282 91 4
47 20 9
375 49 55
321 53 17
342 52 7
188 88 9
298 18 14
454 72 37
439 94 17
119 67 9
311 37 21
140 23 13
402 82 38
310 42 38
258 71 53
26 3 18
361 79 3
329 38 47
440 20 13
1 21 59
30 70 24
376 98 33
128 86 26
343 32 35
265 61 1
171 22 11
322 23 23
304 10 41
257 62 40
197 62 27
387 60 18
370 94 37
268 94 23
449 84 20
93 77 17
325 81 5
441 15 6
122 56 23
325 49 59
283 12 16
393 37 18
370 84 45
13 70 29
462 29 11
81 53 50
208 39 12
190 94 65
186 89 21
173 82 51
494 17 60
78 27 28
359 61 60
20 31 9
368 20 32
301 5 18
277 71 7
311 8 57
416 49 48
241 46 41
5 77 30
196 46 20
90 88 17
245 2 27
70 19 17
361 45 3
57 71 16
47 74 48
319 72 4
192 58 30
259 76 13
347 91 26
435 17 23
28 13 33
38 72 40
117 7 28
116 14 29
255 87 60
322 63 38
313 24 43
59 91 68
186 64 23
90 54 24
317 48 18
269 100 2
489 95 16
103 36 10
246 49 26
449 81 65
254 52 39
248 81 26
132 1 31
495 22 53
9 94 3
443 62 40
294 89 17
190 12 59
186 22 8
449 58 11
404 90 21
282 4 61
132 38 32
444 28 28
372 88 44
445 1 10
322 99 9
36 21 27
201 39 28
47 5 23
434 100 28
224 12 7
164 36 8
2 75 31
129 8 19
44 76 42
332 10 2
462 32 12
95 25 5
376 62 3
137 25 6
384 31 12
291 13 44
54 80 26
344 47 53
79 88 17
114 84 27
391 37 11
448 10 53
186 42 19
363 70 6
24 53 32
493 6 23
72 23 17
111 90 36
162 83 60
378 25 19
248 5 16
420 1 26
162 59 34
167 94 51
80 51 38
69 72 52
448 25 20
30 31 40
38 99 53
65 62 6
202 62 43
437 64 29
107 71 69
270 52 10
322 54 17
271 99 37
352 52 10
34 26 61
189 3 15
362 12 8
63 72 26
155 44 4
249 92 26
242 28 61
131 30 25
360 96 34
471 31 42
319 46 32
401 76 26
64 33 47
431 31 4
431 85 18
45 66 48
466 93 20
175 93 44
238 76 20
151 24 19
56 19 15
449 30 50
15 68 46
460 98 30
262 18 14
368 97 52
482 5 20
414 87 63
35 82 34
339 37 38
324 3 30
20 37 40
113 74 45
257 80 36
88 78 14
416 22 14
445 90 29
461 64 35
141 39 30
183 97 12
434 81 29
271 38 15
296 7 32
62 72 34
304 86 7
476 97 27
356 64 15
360 29 25
59 55 46
246 85 15
413 27 20
152 55 49
111 21 14
314 55 22
364 64 35
218 73 4
309 14 9
340 81 20
48 31 37
146 7 31
272 69 1
435 40 58
234 63 36
66 46 59
37 82 47
121 46 1
265 8 23
107 47 29
473 82 39
477 50 26
232 62 9
352 94 35
73 87 50
407 59 46
37 52 33
63 53 4
415 99 17
349 52 3
213 8 2
201 83 12
469 61 9
171 5 15
443 70 22
238 7 22
49 9 63
41 8 5
239 90 15
2 47 27
203 93 11
81 25 25
335 68 46
260 29 45
337 52 57
242 27 54
228 32 6
34 29 45
162 6 28
193 92 24
203 42 22
173 43 21
7 88 45
39 12 18
263 8 20
402 17 18
117 16 27
210 35 27
44 42 41
248 61 44
100 95 9
372 29 23
298 47 27
84 24 8
105 54 21
428 55 53
38 35 43
199 65 32
493 99 54
206 43 18
460 50 21
383 4 36
208 22 51
250 -1 19
216 91 13
179 95 17
252 63 7
218 29 22
103 41 32
348 43 35
29 73 21
433 63 35
473 76 24
455 14 43
36 25 58
366 41 35
457 63 27
40 35 44
34 1 28
88 76 5
293 100 9
487 65 13
173 72 32
186 50 41
490 83 5
386 36 48
124 61 23
454 54 15
492 50 36
70 44 27
292 79 41
301 72 51
193 34 25
306 42 7
90 77 25
165 66 46
248 24 32
249 48 1
387 18 42
235 52 12
466 14 46
6 92 25
234 62 13
32 13 2
20 14 13
360 23 26
48 64 13
268 25 65
426 55 49
97 71 9
474 78 56
491 18 11
377 86 31
217 22 13
14 53 19
122 74 29
203 8 53
26 3 55
244 8 34
283 24 23
383 84 28
37 83 7
285 72 34
379 16 7
270 53 23
16 1 59
369 35 38
341 82 16
36 61 26
392 49 23
118 60 4
57 64 37
216 42 18
228 87 34
7 29 11
480 98 28
172 92 69
489 58 10
158 90 58
104 75 37
415 53 60
109 82 33
216 44 22
116 81 38
170 56 60
1 18 18
432 7 37
467 73 44
45 90 52
372 61 12
194 60 3
161 10 23
487 99 36
493 54 6
379 71 6
295 52 29
143 43 70
498 82 25
341 95 18
304 41 23
491 31 42
36 39 4
209 74 21
377 66 34
260 94 31
268 77 38
481 36 27
278 65 70
379 18 2
480 31 19
351 36 6
149 28 19
161 87 11
448 26 49
57 46 9
492 93 55
86 49 22
384 19 51
252 91 1
79 30 15
306 50 23
401 77 14
389 42 42
434 82 14
382 91 31
154 13 35
376 22 2
165 9 35
295 80 8
292 50 22
481 52 39
195 81 19
320 72 60
45 25 16
252 36 4
327 4 28
484 50 38
471 26 5
140 42 11
103 53 26
149 85 59
357 27 8
253 6 16
241 32 42
3 67 23
419 91 18
338 17 28
471 6 43
233 96 21
254 46 16
130 93 26
239 36 36
472 85 1
253 45 24
292 65 30
197 36 38
289 83 38
412 29 22
292 97 12
145 5 27
318 49 5
267 61 9
383 31 30
15 81 1
231 21 2
270 92 17
229 25 14
33 85 66
3 8 12
242 63 33
213 79 46
61 20 44
289 33 45
479 45 7
382 71 17
30 45 35
397 82 38
494 18 21
79 48 56
330 43 21
223 100 12
122 48 10
45 35 8
42 60 30
388 25 45
439 1 30
183 17 49
158 77 44
376 34 22
468 7 45
313 68 45
189 68 34
421 9 28
161 67 8
95 13 37
146 31 28
137 68 36
35 28 12
31 1 38
203 47 14
13 100 12
64 81 9
211 21 45
388 45 38
72 59 54
210 16 21
380 41 17
234 90 10
48 37 45
150 9 45
235 71 26
192 92 3
402 65 27
205 46 6
31 47 19
494 38 40
287 6 4
264 6 25
262 81 6
124 53 10
417 92 21
52 72 30
477 80 42
96 89 5
57 66 21
371 87 46
64 5 18
329 18 33
441 93 17
498 78 23
409 56 40
287 52 11
88 59 34
197 51 28
171 13 19
445 36 45
499 93 5
418 66 44
369 79 4
208 70 31
446 59 49
36 20 43
175 85 10
465 67 9
96 85 38
426 60 18
366 40 38
409 4 6
35 1 41
334 68 40
69 57 55
95 66 61
346 3 56
468 84 12
3 45 10
301 73 48
416 81 16
391 78 19
281 13 18
428 47 54
283 59 56
347 50 18
473 83 20
375 5 47
375 80 33
209 7 13
119 12 50
59 67 58
278 44 24
94 11 29
345 78 21
434 77 25
277 64 8
405 24 49
174 54 47
362 75 54
76 34 4
105 58 13
18 40 22
355 11 10
186 22 27
328 51 22
183 42 58
400 89 28
357 35 11
19 34 14
192 78 5
288 81 43
408 76 28
458 68 47
19 20 42
393 35 21
201 50 11
460 48 11
72 54 12
280 88 28
385 23 50
247 86 20
457 76 9
311 87 3
314 62 35
403 98 58
457 53 27
317 91 17
193 15 21
200 88 25
274 30 52
143 45 25
247 91 17
399 63 62
279 84 33
117 18 12
234 44 15
215 43 26
291 100 50
13 40 21
79 76 27
25 15 22
419 86 38
204 66 51
261 12 14
54 75 41
227 19 42
10 8 24
449 12 11
387 72 13
21 92 51
17 29 32
112 15 39
479 88 5
152 68 35
377 26 14
449 44 2
47 32 30
223 78 26
458 90 18
56 77 47
164 49 54
31 21 10
464 77 27
408 39 31
416 44 19
233 54 53
230 85 40
135 12 15
51 100 15
58 52 43
399 99 53
78 28 5
206 58 41
39 12 23
396 7 18
146 49 2
371 9 38
159 41 17
220 66 2
63 81 2
471 32 6
480 86 2
451 34 38
382 41 54
333 3 1
20 85 14
461 86 11
170 39 7
39 83 19
317 62 49
55 79 43
33 62 16
247 71 35
483 7 43
301 28 34
210 34 26
393 40 37
395 11 26
296 83 46
129 99 14
282 74 51
101 81 45
455 90 46
69 15 18
154 15 70
278 21 26
304 61 27
460 90 23
395 87 10
485 94 24
431 70 61
404 7 41
406 2 45
34 72 47
94 17 10
378 46 43
32 17 37
10 80 54
387 88 16
490 23 60
77 76 23
70 38 21
256 20 21
203 39 19
400 10 26
50 79 27
36 45 27
201 82 16
7 82 8
141 8 16
78 75 43
166 37 60
251 88 22
32 77 17
414 43 26
333 92 20
205 58 46
65 7 30
81 95 54
83 80 48
319 12 26
306 54 18
426 92 35
187 38 27
383 53 44
147 56 50
205 31 35
15 34 16
36 1 60
7 8 33
99 64 20
102 3 10
55 78 11
433 33 45
315 51 39
336 51 5
304 15 36
93 72 32
442 35 13
220 4 20
454 15 18
29 13 24
324 20 5
113 91 17
50 36 14
395 56 2
482 91 35
325 72 11
65 57 16
268 65 9
432 21 38
175 34 10
119 95 56
356 29 24
477 57 46
47 61 26
337 5 43
144 66 25
91 58 1
343 67 36
45 9 54
138 41 17
232 92 26
409 93 39
451 87 31
153 73 7
138 57 50
265 92 28
129 90 50
438 41 17
191 42 20
86 48 46
117 56 36
98 13 32
138 10 57
367 85 14
343 20 4
467 76 23
381 92 23
20 80 6
321 63 26
88 33 44
427 68 34
339 63 16
145 62 20
245 27 21
242 15 39
200 68 25
192 41 25
99 8 4
47 67 21
10 42 19
146 68 42
35 74 21
493 95 10
186 4 13
467 79 18
440 14 18
467 82 30
466 64 29
482 53 29
416 61 5
174 21 40
81 5 37
451 39 11
219 44 64
377 15 28
305 92 58
268 16 4
386 24 26
114 34 58
276 99 2
216 100 29
447 25 6
321 84 40
223 68 34
152 74 24
335 70 62
155 90 40
288 70 6
421 30 6
154 95 21
278 25 19
45 35 45
60 77 16
345 93 6
82 33 13
224 45 56
50 89 13
444 22 30
408 50 22
26 39 8
235 5 17
339 59 58
225 21 8
268 8 42
478 69 39
8 26 64
344 27 11
353 19 14
39 55 41
348 65 32
223 8 50
305 9 10
260 77 28
495 86 32
67 69 3
109 95 13
51 83 4
406 69 10
322 95 46
246 35 31
121 74 24
199 61 11
333 39 29
384 91 55
96 66 15
419 58 27
50 90 26
162 52 23
436 68 38
382 41 7
199 16 24
379 58 54
327 88 25
3 28 4
31 100 25
319 21 24
461 76 13
338 4 21
171 78 45
287 75 20
314 73 18
401 50 35
249 23 17
267 56 21
92 68 44
467 97 36
145 63 21
475 83 26
308 82 19
404 92 43
496 93 32
146 94 26
390 18 12
424 19 10
155 81 30
373 84 25
10 89 54
89 86 18
449 53 45
178 62 45
185 7 25
482 25 27
163 57 19
396 60 54
397 13 34
218 72 27
305 76 35
10 6 23
436 22 31
479 39 22
86 6 58
486 13 61
17 23 1
184 71 25
297 6 23
239 88 38
246 19 13
440 93 23
259 93 13
161 12 17
448 42 48
238 5 8
14 30 12
415 25 50
215 100 3
473 56 4
448 90 19
201 9 57
251 36 38
140 19 14
132 6 21
222 4 23
377 77 10
477 70 55
422 57 19
7 12 19
303 71 14
222 69 18
276 17 51
221 6 49
82 62 10
198 56 8
429 73 40
18 89 44
276 8 41
401 97 3
445 35 18
144 77 25
32 27 20
394 69 12
476 36 56
154 20 13
68 38 19
372 81 3
257 31 17
309 23 40
228 16 19
452 24 22
165 11 19
490 3 29
165 80 57
287 80 13
185 77 62
322 96 16
200 49 46
32 45 6
110 99 43
94 19 23
195 66 17
361 32 27
274 46 12
96 97 44
16 100 19
19 96 28
26 13 21
338 45 22
470 -1 24
42 55 14
463 44 50
439 66 10
430 33 2
312 55 36
276 41 56
150 10 61
475 86 6
287 32 18
112 2 13
217 86 31
396 73 13
477 51 20
101 43 26
206 90 25
409 69 4
57 41 45
31 44 6
245 10 13
60 3 21
103 4 15
86 29 29
160 56 39
336 71 28
414 42 14
325 70 18
273 81 12
466 56 7
342 91 48
286 1 4
471 54 46
447 93 64
216 26 23
348 88 5
368 40 41
196 7 11
397 34 39
86 49 20
143 1 48
402 54 1
246 64 27
298 73 22
379 11 29
344 18 12
419 65 32
311 84 44
422 26 13
189 100 16
309 39 3
302 42 38
169 29 2
410 74 64
456 33 21
411 44 19
49 31 27
247 28 38
81 92 10
171 90 55
435 41 55
373 12 48
359 61 42
422 23 41
361 76 1
293 51 21
217 65 35
354 19 44
311 24 38
387 33 33
493 40 28
314 73 2
300 26 51
241 91 20
418 83 19
265 51 56
33 85 11
350 22 18
22 54 41
79 41 39
159 75 13
444 11 27
127 25 17
10 65 37
413 35 3
256 7 27
338 10 19
94 76 4
457 30 2
204 94 46
75 11 50
2 15 20
417 15 19
424 87 2
463 26 29
207 51 19
396 34 34
97 82 33
148 69 33
326 60 18
75 48 21
186 63 39
389 58 35
460 59 64
340 31 50
209 55 33
415 81 41
80 83 24
408 65 23
35 32 42
40 84 47
180 19 31
275 52 14
183 77 22
266 52 8
116 46 15
129 19 34
103 86 10
19 84 27
258 97 51
52 70 32
286 92 60
417 56 26
310 73 4
183 40 67
256 22 30
297 3 62
190 47 27
85 48 8
247 31 46
41 42 9
448 59 14
307 5 45
324 34 24
335 69 20
416 29 14
425 75 24
17 90 53
211 98 28
437 48 23
327 97 38
331 38 30
190 54 35
249 23 52
25 26 42
167 17 51
45 87 25
413 58 1
340 10 27
88 25 3
73 92 21
13 37 2
446 19 26
463 58 24
71 51 33
190 95 17
463 15 22
22 58 18
311 71 4
142 41 62
33 53 23
237 49 26
62 39 12
378 90 42
496 51 8
60 60 17
481 100 13
143 23 23
492 88 46
364 14 32
332 83 42
230 99 65
459 76 38
456 80 11
222 35 23
78 73 24
326 91 24
422 45 61
26 91 43
349 55 23
260 59 39
219 1 36
156 43 27
169 22 18
195 30 22
308 97 47
197 48 32
443 42 7
228 69 63
21 18 40
161 24 2
245 86 58
368 2 33
99 29 28
377 45 13
438 59 8
479 15 11
28 44 35
424 79 6
222 84 1
162 71 28
317 62 30
232 56 25
368 90 4
401 11 50
390 71 48
13 44 11
381 77 19
195 95 47
125 78 36
309 50 7
345 1 4
107 51 3
246 68 5
144 9 35
456 2 15
333 68 31
286 90 3
61 77 31
492 2 9
271 78 32
187 70 18
24 98 21
317 26 11
67 20 2
148 8 62
476 90 60
245 16 24
281 31 38
24 3 28
459 6 63
107 12 2
190 68 31
198 30 18
126 20 19
264 66 42
145 12 40
400 94 13
2 74 38
41 97 3
247 12 15
89 77 47
192 13 15
458 68 6
148 19 54
144 61 46
310 22 13
242 96 13
44 6 11
466 21 38
334 68 33
161 32 28
20 31 2
143 83 40
144 77 28
442 38 40
496 50 27
4 77 35
489 30 37
50 -1 25
445 23 46
500 94 52
54 54 27
449 66 70
469 78 55
267 80 38
281 55 47
256 18 43
54 84 49
74 74 27
427 46 18
311 72 30
149 77 3
9 99 16
453 87 16
156 79 19
262 23 13
396 89 6
434 35 66
106 28 2
457 45 8
43 75 24
413 44 40
481 83 29
69 66 30
288 13 27
260 73 26
325 81 59
276 25 41
289 93 7
314 76 56
98 28 25
203 19 28
78 41 24
146 68 18
344 76 48
420 74 -1
281 98 28
461 66 32
184 16 22
302 71 45
444 89 14
221 75 57
161 4 32
369 39 11
354 92 18
139 12 16
140 7 40
45 73 23
454 75 8
415 2 1
189 82 11
97 20 50
58 53 15
445 7 29
402 10 38
128 73 2
382 39 63
344 1 44
272 74 30
79 30 16
336 40 22
401 80 35
430 74 18
177 92 51
287 93 38
278 23 14
129 33 24
202 76 27
19 34 26
178 52 18
97 16 20
276 93 24
477 64 23
268 26 3
48 57 22
90 92 4
450 82 28
264 6 55
50 46 44
54 73 29
227 49 11
196 64 1
453 8 23
103 80 18
97 40 53
204 32 46
440 48 33
386 18 35
435 29 16
411 77 55
333 89 30
297 40 25
95 42 38
281 37 4
68 16 37
406 20 5
287 57 7
245 2 56
394 53 46
494 77 12
65 99 33
167 46 59
81 46 37
356 31 33
239 85 19
438 59 28
311 14 47
135 7 19
90 2 10
142 75 30
130 53 1
394 87 29
97 5 24
415 12 1
89 8 1
30 5 50
319 78 12
1 11 30
81 33 40
105 27 32
315 17 1
437 74 15
370 38 12
8 45 37
445 32 22
312 30 9
34 12 30
102 89 50
307 73 52
142 72 3
486 11 2
306 22 13
477 1 17
207 18 18
262 27 3
297 12 42
205 29 25
418 34 17
130 84 28
300 31 16
196 41 28
404 67 60
453 54 12
4 30 51
356 92 21
143 29 13
325 17 19
460 14 11
474 57 26
258 96 42
151 24 13
218 68 36
244 44 54
3 16 23
172 48 44
167 1 16
3 79 5
74 56 43
379 100 15
350 41 13
177 67 26
295 27 59
83 87 32
262 62 24
216 11 28
242 50 38
389 27 49
366 53 54
472 68 6
447 16 13
102 13 27
474 81 42
243 81 54
30 71 22
280 4 17
109 3 12
320 58 49
346 96 12
122 16 22
58 70 23
152 34 18
430 55 41
468 4 40
334 13 38
196 78 39
313 35 12
425 26 51
88 78 38
2 70 64
46 14 11
244 87 3
16 98 24
140 73 2
254 81 57
20 18 61
317 95 13
492 24 45
162 23 17
6 51 63
390 22 18
87 81 3
198 73 37
89 45 20
388 20 37
481 57 31
414 17 4
410 56 22
414 58 65
483 7 18
257 62 16
458 50 36
483 72 19
339 54 17
316 16 25
78 73 2
418 38 16
392 92 31
192 31 36
108 22 25
70 20 48
463 46 32
364 52 25
244 78 44
169 23 40
382 93 20
456 42 18
188 50 54
447 100 2
39 77 40
129 60 10
37 58 26
457 13 8
151 82 12
183 88 39
339 1 49
30 23 3
341 82 38
138 27 15
83 42 44
404 10 49
264 80 41
41 23 28
308 36 41
86 80 53
108 27 12
388 20 21
151 23 36
347 74 27
12 8 20
285 83 46
449 80 7
158 8 36
327 23 45
145 48 61
143 55 15
413 13 23
92 54 37
233 5 61
213 22 47
44 81 30
381 24 22
94 40 54
101 9 44
262 5 51
461 85 30
6 73 8
440 85 26
133 51 13
444 76 57
376 56 9
470 24 -1
147 74 37
330 54 24
338 24 52
408 3 36
250 21 39
112 36 57
376 42 11
421 97 11
363 41 54
236 36 51
118 27 49
236 49 16
127 90 33
361 90 8
427 94 42
86 80 17
67 18 20
496 2 30
202 5 47
146 50 49
79 58 25
237 89 37
452 20 13
292 85 21
221 94 26
77 8 2
487 100 32
483 57 16
89 26 57
41 80 41
99 94 30
278 18 64
312 2 60
410 54 34
494 80 10
422 45 59
191 32 29
108 82 24
4 33 10
332 25 25
293 14 47
246 30 27
74 81 27
337 52 37
61 8 1
92 50 16
175 87 22
83 95 26
272 40 14
63 24 20
465 72 48
288 90 9
364 5 43
123 51 27
348 64 6
372 48 59
39 29 32
438 90 32
237 95 40
222 57 7
234 32 54
105 39 48
419 37 40
51 39 53
229 94 33
266 71 3
402 48 28
188 65 30
460 56 9
223 97 13
413 88 25
44 48 44
165 71 18
243 40 3
148 82 34
289 42 22
7 16 5
441 42 42
9 100 6
174 95 29
59 76 8
336 51 30
25 46 11
439 50 58
417 69 13
254 23 7
457 5 4
89 11 22
394 46 25
338 71 48
316 26 44
495 45 20
376 47 8
252 39 17
95 7 39
68 17 5
383 45 39
71 12 18
9 22 29
120 7 33
304 75 12
101 47 44
314 99 13
381 99 8
169 21 13
81 31 1
316 62 56
168 38 30
284 22 30
120 18 57
446 29 25
138 21 19
322 4 38
319 85 21
304 82 41
265 19 20
490 3 13
199 69 6
19 27 19
148 68 22
338 93 52
348 18 33
135 13 28
254 63 17
33 100 24
220 21 27
233 22 69
430 92 31
233 21 45
443 36 12
335 92 21
386 97 9
187 7 37
339 18 30
199 13 21
192 11 58
37 39 25
41 63 26
53 37 19
196 81 60
352 88 2
330 60 13
328 70 18
307 66 53
458 10 35
18 58 65
107 86 19
347 25 1
61 34 47
156 67 12
398 41 4
163 22 28
79 75 37
212 82 12
359 9 6
294 55 26
273 67 7
448 44 20
24 51 33
490 89 13
78 83 31
129 71 4
195 21 15
395 6 57
469 51 25
326 64 49
140 36 20
195 30 33
146 31 45
262 58 13
204 85 25
205 14 22
339 69 39
261 34 49
92 83 18
164 66 49
109 46 13
260 7 19
380 88 4
74 28 51
113 36 38
31 33 25
405 100 19
445 40 48
231 97 14
443 79 27
364 80 35
336 46 25
379 52 13
451 95 66
134 3 7
135 85 46
302 33 52
211 4 30
335 62 6
459 2 44
305 96 32
354 24 2
307 58 51
455 46 29
494 81 46
107 29 34
198 51 29
339 78 16
384 73 42
148 58 23
68 93 34
90 10 15
355 14 53
358 19 14
144 20 41
255 11 5
45 97 47
70 89 34
484 4 7
310 27 40
344 28 54
399 44 51
66 10 37
402 16 17
251 72 40
281 70 23
357 99 13
143 48 31
469 95 54
104 52 64
477 2 26
33 66 10
393 97 63
125 50 45
249 81 53
280 51 60
389 35 62
334 47 24
310 13 12
43 19 33
216 1 20
334 89 35
431 23 16
471 19 25
73 25 31
44 51 20
422 90 32
490 13 40
390 47 19
209 35 31
392 8 28
124 99 28
136 1 32
442 62 15
227 10 8
500 4 20
115 96 34
122 74 40
284 97 13
399 59 18
452 35 39
161 95 53
346 95 24
410 85 2
2 28 48
103 41 17
444 6 8
267 7 7
174 72 25
231 30 11
454 66 46
64 45 33
273 71 43
399 58 30
468 95 38
459 70 37
342 15 1
296 13 1
36 93 30
127 19 24
203 84 40
53 43 45
130 47 46
488 69 48
230 79 32
474 78 2
496 65 37
500 46 15
332 40 18
344 85 19
67 94 27
445 43 19
174 40 19
120 100 55
196 36 24
440 55 19
499 75 13
250 29 37
197 20 56
367 100 65
187 44 7
134 75 5
353 28 20
395 18 5
340 4 57
47 29 59
288 10 50
348 90 41
23 45 3
450 90 29
139 23 67
50 41 20
477 93 56
130 36 30
453 77 67
435 24 43
354 80 18
102 56 12
496 46 48
22 94 49
184 84 13
166 1 34
429 41 3
465 70 27
149 94 22
105 97 22
124 70 30
264 83 52
53 60 54
430 67 8
451 71 10
271 65 23
113 83 9
182 83 8
130 48 17
53 43 15
62 49 46
299 5 5
228 78 22
342 84 4
366 64 27
245 38 15
79 90 25
384 38 30
186 100 45
256 52 9
429 8 26
43 15 5
330 15 25
265 35 8
310 64 56
286 84 24
20 35 25
356 36 2
379 18 14
500 20 13
185 60 14
69 20 19
200 68 33
70 99 26
385 55 4
222 27 16
400 6 29
176 49 59
419 61 67
138 81 50
496 87 24
192 36 11
290 81 25
64 76 23
204 62 13
259 27 14
211 47 55
3 87 49
161 9 41
115 27 22
3 37 2
214 55 58
120 55 12
329 21 31
24 20 26
341 72 30
96 19 24
237 27 23
292 89 19
60 19 6
82 55 27
330 16 42
304 83 34
402 66 7
450 4 54
441 75 33
35 7 16
122 11 14
21 55 54
497 32 7
403 1 21
268 56 12
204 4 61
378 87 4
245 49 22
459 9 38
164 24 12
255 36 20
388 76 3
431 45 34
348 76 30
214 1 20
101 76 5
485 15 60
38 73 21
408 2 16
277 29 25
44 73 6
302 73 41
183 29 14
324 81 18
385 60 29
43 46 4
122 34 7
79 49 5
154 40 24
353 2 13
365 71 25
361 76 32
476 39 17
7 20 1
337 11 22
368 67 46
375 53 28
75 37 21
109 3 31
248 58 14
458 57 23
76 94 24
4 53 33
407 45 39
287 72 10
79 22 17
399 31 10
209 32 39
48 51 47
67 93 30
116 62 7
306 8 63
332 11 5
332 56 27
39 97 66
428 72 39
174 32 25
377 4 23
465 23 11
83 15 3
325 91 3
399 1 47
497 38 32
161 78 8
409 17 31
472 87 38
109 46 26
412 81 15
223 83 37
283 85 11
474 96 14
73 11 25
127 97 40
183 98 52
295 100 12
180 94 19
242 27 8
136 41 5
148 37 19
136 57 16
39 57 27
251 27 55
39 49 19
242 76 17
164 14 8
280 12 15
350 4 17
131 33 41
245 26 36
26 3 17
8 93 8
468 83 64
294 70 1
19 24 50
98 14 32
49 74 10
408 86 22
253 62 15
207 16 11
99 11 35
32 93 28
147 65 20
450 8 10
65 28 43
365 8 34
424 58 39
82 26 16
382 72 35
218 57 38
156 27 29
159 57 10
448 100 15
384 39 26
377 74 58
299 24 28
245 35 39
80 54 42
307 31 25
267 81 16
96 59 7
451 70 4
311 55 28
372 64 8
214 52 26
248 64 10
146 64 16
144 61 43
172 34 16
3 33 34
240 71 38
300 32 22
436 69 8
32 15 12
205 100 48
274 53 4
318 52 34
166 79 8
231 36 64
266 67 30
421 67 12
331 45 2
225 26 44
348 3 53
423 59 16
95 1 19
201 27 39
82 51 11
219 56 34
33 54 36
157 29 22
287 93 7
193 67 37
494 77 22
175 26 6
66 78 39
24 65 18
448 96 28
226 26 16
458 7 49
352 43 13
289 92 20
269 67 21
169 43 55
486 16 40
250 29 25
357 93 19
453 2 59
423 57 22
161 25 19
484 63 41
348 60 66
209 77 17
352 100 9
489 77 14
476 90 8
368 96 13
251 11 43
440 77 14
214 17 21
254 40 26
242 92 38
308 23 1
6 61 5
57 40 1
408 88 29
79 23 31
464 59 29
231 57 29
332 35 46
267 51 39
202 46 26
379 97 4
358 86 45
480 15 23
65 26 18
248 90 25
35 31 50
391 8 22
369 15 34
336 53 21
206 38 20
202 14 61
211 15 24
180 -1 31
362 41 16
444 100 68
337 12 10
381 35 7
229 22 47
222 71 17
426 90 18
303 79 15
457 18 10
127 51 10
485 42 22
463 27 6
498 63 14
52 88 17
331 75 17
232 13 32
236 40 37
50 36 14
22 12 30
172 14 39
184 16 34
478 90 38
366 77 9
381 7 22
311 75 12
458 79 21
408 86 5
296 76 41
301 61 9
229 19 55
347 73 46
80 15 26
120 31 69
46 10 2
229 17 21
305 87 28
399 5 11
251 51 43
266 94 10
314 17 21
224 23 58
468 48 49
82 36 52
373 51 39
154 12 17
458 15 17
231 30 41
232 61 20
464 100 44
347 27 24
162 26 18
328 48 22
112 49 11
191 93 7
328 41 42
184 3 29
385 31 33
248 19 8
451 34 1
133 92 35
318 51 7
35 65 54
102 91 20
386 52 4
141 36 33
266 1 43
342 3 35
459 25 28
47 33 27
323 16 12
463 1 29
60 1 13
212 94 43
305 33 33
43 58 3
104 6 35
366 59 37
440 27 40
330 79 27
345 5 16
332 31 31
411 62 36
397 92 18
410 40 32
347 16 11
242 43 41
268 77 34
461 18 29
110 13 18
69 68 20
466 40 23
378 90 54
150 68 50
184 64 11
442 80 43
96 49 45
120 38 52
264 4 2
446 88 19
432 66 28
453 77 10
118 98 26
403 19 43
66 68 11
471 71 16
285 7 27
454 63 16
386 43 36
446 65 26
236 86 12
5 4 29
174 83 50
54 49 35
407 35 17
297 12 35
354 51 50
216 89 22
327 91 4
295 83 3
259 60 32
372 14 28
305 79 4
368 10 40
301 28 41
210 34 14
321 48 12
258 3 25
414 79 22
335 6 16
125 47 21
299 10 58
271 26 30
364 31 24
81 5 28
11 85 25
164 7 21
164 40 14
186 38 10
200 49 21
91 70 33
369 47 2
407 53 47
281 64 15
366 4 20
443 100 42
499 93 39
342 60 5
159 79 23
32 23 22
202 52 9
243 51 36
29 80 38
452 2 51
413 62 52
487 71 31
86 3 17
406 29 25
158 83 22
321 92 19
253 66 18
88 67 7
289 29 16
283 80 21
308 54 21
403 9 17
491 64 31
377 19 58
93 85 4
211 3 39
91 2 39
419 64 1
472 64 46
150 85 22
130 84 40
412 92 23
107 79 8
302 29 4
220 72 45
217 95 10
197 75 21
118 30 44
177 16 39
227 61 20
314 3 45
275 52 14
47 8 53
258 44 42
187 29 3
44 68 33
56 62 39
188 5 21
399 6 30
59 69 24
5 55 29
344 51 7
18 71 5
97 87 21
416 53 60
323 90 20
379 15 7
425 69 27
437 41 25
343 51 24
373 75 3
313 77 6
281 50 2
291 34 38
201 12 40
332 74 13
400 9 45
254 17 27
29 60 12
441 83 53
274 71 58
171 6 54
137 64 25
429 28 11
361 98 22
41 94 41
353 39 15
134 81 7
275 81 18
28 70 25
126 9 7
445 69 44
188 75 43
248 40 9
436 91 18
223 19 49
240 6 13
286 45 3
136 64 8
109 90 12
350 11 31
335 66 30
82 13 44
123 51 54
38 14 54
164 23 27
425 58 27
466 82 33
323 55 27
33 16 1
492 55 26
53 93 55
332 22 19
209 11 38
454 9 18
329 54 8
368 87 12
241 13 53
405 89 37
175 72 49
482 30 21
190 1 37
201 32 14
99 13 66
270 34 3
200 49 46
166 73 5
107 2 17
21 14 39
323 2 31
3 60 20
312 35 24
470 14 21
493 23 14
482 20 28
240 58 14
352 66 1
73 89 28
195 8 31
430 3 37
440 38 5
165 96 26
3 77 34
485 74 5
167 14 51
416 2 9
299 88 35
342 58 12
6 60 17
188 33 22
407 100 20
310 56 26
364 75 23
26 23 21
316 47 46
287 83 16
38 61 32
492 94 37
276 89 7
243 63 40
177 7 24
133 15 16
125 98 27
10 13 6
33 72 30
316 43 35
19 75 39
108 89 21
213 50 40
111 57 16
415 6 34
329 57 13
478 92 26
486 29 16
404 15 30
259 27 24
132 55 10
442 41 11
282 74 18
188 14 60
70 58 8
405 94 24
24 96 13
460 25 50
382 58 7
466 52 39
289 30 51
224 15 50
441 57 45
179 75 4
388 40 20
181 25 15
134 3 48
106 69 43
498 24 27
38 29 10
285 2 20
341 63 11
478 47 13
12 38 25
406 16 56
329 28 33
409 59 36
173 66 34
380 65 19
143 18 21
229 9 36
466 82 2
372 57 43
211 41 37
366 97 35
376 100 26
263 66 4
347 81 26
430 59 58
369 1 25
231 25 27
457 18 14
404 70 6
493 16 24
494 22 7
135 88 8
458 52 55
227 98 44
470 81 58
66 39 35
185 21 50
339 13 16
134 87 44
81 78 12
389 83 5
471 66 47
100 45 53
295 72 44
193 32 18
112 45 58
185 79 30
349 90 1
197 42 36
292 59 13
282 11 41
91 89 10
2 66 21
397 37 42
26 87 55
62 96 32
388 67 62
453 27 24
253 97 18
7 6 13
323 45 39
181 22 33
115 67 8
450 38 6
484 4 39
410 79 -1
167 72 15
391 62 13
278 77 8
26 46 14
31 46 8
242 94 24
415 35 45
58 98 42
412 22 43
436 21 20
4 80 28
212 21 30
476 57 22
230 6 38
253 73 34
459 100 32
88 46 45
301 74 9
237 93 36
269 40 23
170 33 38
77 17 27
153 8 12
333 27 41
321 22 45
395 99 40
130 66 47
25 8 47
484 51 7
155 84 15
349 45 42
126 45 11
28 55 18
462 74 54
164 61 23
7 40 49
103 55 13
485 14 29
36 1 4
376 7 9
403 19 14
16 18 23
270 52 25
455 47 19
434 60 26
187 27 34
429 65 11
432 42 7
414 23 16
44 20 9
344 61 4
250 11 54
419 12 57
44 42 23
250 38 5
441 67 37
47 30 39
443 91 21
54 36 40
183 5 26
205 99 56
308 87 61
97 19 10
337 29 32
410 76 31
71 30 31
12 1 2
306 26 18
333 84 46
332 17 22
453 9 8
471 28 39
345 89 31
18 92 32
392 56 57
481 35 35
118 98 62
314 73 9
134 22 20
129 46 34
213 9 30
90 10 47
380 13 22
408 36 23
409 3 55
276 95 43
497 25 27
400 33 33
338 76 11
486 57 43
300 61 10
323 48 29
141 23 16
399 55 4
43 65 17
330 81 5
443 94 7
137 65 46
352 79 21
91 97 35
147 93 31
235 7 20
89 5 21
413 98 37
471 79 16
268 93 34
143 60 12
9 93 10
224 71 30
447 52 22
448 65 57
242 69 19
124 84 6
115 69 10
353 29 54
71 59 23
458 65 15
366 33 10
22 19 42
101 59 18
368 35 55
307 51 6
417 50 29
460 39 13
309 79 34
356 36 11
20 4 24
52 97 32
84 68 21
239 68 47
381 3 22
323 35 10
182 4 18
8 92 29
260 67 62
146 56 21
204 21 19
263 52 49
318 43 28
224 54 29
484 42 40
410 84 35
484 14 36
5 83 42
24 53 37
486 89 44
38 4 15
179 86 19
27 6 11
92 9 36
422 12 14
294 65 32
48 54 44
82 71 51
113 76 29
248 96 44
57 39 53
466 9 12
186 52 59
373 20 24
173 17 19
438 99 14
490 34 9
11 76 25
311 27 30
78 38 54
374 6 29
319 75 26
412 74 10
415 54 21
179 20 30
281 1 46
15 26 32
206 43 26
317 6 6
231 26 66
80 74 65
379 65 18
397 98 45
12 75 25
448 33 30
63 46 12
98 29 52
260 12 21
173 74 8
371 64 40
476 100 49
47 21 16
383 7 16
162 31 13
70 46 3
311 51 17
466 37 5
110 51 56
159 8 57
314 89 41
272 45 31
42 21 22
283 72 30
389 30 11
391 23 47
261 23 2
164 95 20
21 61 15
201 47 7
427 96 37
214 85 8
105 43 8
494 20 24
91 85 41
263 52 18
114 57 38
4 73 1
109 64 16
83 49 7
426 12 57
216 48 16
214 70 21
392 43 45
306 69 58
469 3 15
65 3 27
402 37 13
110 5 28
290 51 20
242 15 61
2 67 31
368 5 5
459 78 7
356 51 49
192 99 60
92 6 25
420 20 19
125 85 5
137 89 21
3 47 3
362 53 14
103 99 59
90 96 14
442 100 37
125 23 12
59 77 37
479 90 8
403 8 33
308 40 20
396 25 30
491 34 19
13 98 43
85 57 46
441 89 55
455 6 24
312 6 27
482 36 23
169 2 52
451 50 8
410 12 66
35 38 7
236 49 40
277 55 7
251 64 22
44 34 27
33 44 52
330 -1 58
13 87 26
461 18 36
410 2 31
450 29 60
235 98 12
494 21 45
316 25 42
463 23 43
215 2 15
15 69 26
370 1 60
392 13 14
137 79 13
372 10 41
214 49 54
115 91 26
205 100 59
69 90 13
440 11 2
82 96 20
283 38 48
403 100 37
414 8 39
364 27 16
147 19 28
458 49 34
272 5 40
465 16 24
353 6 3
405 44 6
111 67 19
134 7 15
67 52 16
256 44 15
159 31 3
436 97 29
93 22 27
304 24 29
22 72 36
190 35 17
360 90 50
331 1 48
162 42 14
346 1 1
498 42 19
342 72 17
18 77 34
356 7 27
425 89 51
182 94 12
470 19 9
336 50 24
154 1 51
256 47 24
223 72 17
212 32 48
101 64 20
299 1 36
151 22 22
274 38 47
384 79 40
119 2 45
275 94 15
479 27 26
332 81 5
67 25 20
129 10 47
255 43 20
112 16 24
259 84 42
3 17 19
191 95 4
306 36 52
352 70 59
41 51 40
7 97 24
299 32 18
100 56 49
209 6 23
47 100 33
402 51 28
443 67 29
473 74 44
415 45 54
41 90 61
430 86 56
255 34 16
233 5 12
21 51 34
428 6 13
367 35 23
76 31 1
360 93 42
278 36 29
268 81 14
102 45 38
224 84 26
44 59 32
318 10 18
33 87 29
422 74 57
106 39 21
35 21 28
304 3 37
5 33 60
491 29 2
190 10 14
220 85 34
109 2 38
261 55 3
13 26 53
469 26 42
334 69 61
327 27 13
456 78 20
179 36 1
347 94 9
444 36 28
335 1 52
234 96 40
197 21 22
495 67 29
254 15 45
60 54 53
375 94 47
487 74 28
169 50 41
152 47 16
193 50 33
455 13 17
272 96 15
136 62 24
102 46 16
432 37 11
178 32 17
62 92 7
404 63 20
210 -1 20
59 63 6
291 39 5
152 43 33
455 94 4
85 39 45
201 57 2
199 72 25
364 94 24
171 71 19
241 65 41
379 86 50
153 20 42
412 86 46
47 43 58
225 11 12
33 8 43
496 20 6
109 88 27
84 68 3
355 27 22
210 1 27
288 55 49
191 89 51
368 76 52
238 23 42
85 43 7
259 88 6
97 31 32
88 89 6
439 9 6
448 3 19
25 12 38
303 23 50
406 80 26
421 28 32
479 46 34
111 24 20
284 85 56
300 33 18
304 94 2
281 95 40
446 70 6
380 48 11
425 90 27
174 53 32
105 32 54
198 4 55
275 5 14
297 53 24
297 77 37
60 94 52
466 94 69
98 81 53
430 100 21
33 98 46
450 8 47
246 7 22
366 49 15
470 5 22
131 50 7
229 34 17
431 89 16
206 70 31
417 60 11
462 72 19
73 75 64
126 49 17
195 36 5
24 30 3
499 68 55
437 10 11
283 35 30
54 87 42
348 3 29
438 26 2
208 21 20
89 87 46
248 99 33
312 70 18
18 82 12
350 10 39
256 40 1
380 3 33
128 24 22
240 40 13
75 78 64
479 5 64
379 53 54
117 69 49
125 98 34
426 68 18
359 23 12
496 49 33
478 36 29
153 71 29
17 85 21
215 59 16
226 87 11
62 35 29
235 91 12
178 1 9
316 71 49
164 61 16
378 35 23
293 16 24
55 91 5
376 12 25
423 27 21
401 77 29
12 79 6
355 34 2
125 9 11
379 40 54
307 74 48
337 93 24
419 51 15
15 38 40
120 4 9
330 45 14
95 37 55
346 81 14
287 10 3
148 80 10
184 77 25
112 46 34
312 43 55
292 83 50
299 62 17
271 44 28
124 62 18
239 91 31
289 75 22
333 26 54
268 77 26
459 75 31
193 11 20
80 90 32
434 10 14
98 88 5
20 52 35
326 60 38
286 43 38
365 89 37
71 15 10
35 23 66
185 33 36
358 4 25
453 10 33
69 17 25
298 15 34
485 15 10
463 92 11
11 10 21
120 21 53
359 46 37
425 26 28
235 36 9
220 38 37
307 32 33
241 34 14
6 24 17
82 97 14
274 18 1
252 52 28
124 25 43
476 13 52
396 45 7
130 82 55
451 29 58
74 92 31
60 36 29
65 87 30
465 74 7
8 19 15
392 6 44
256 53 15
178 82 15
294 61 33
195 32 19
305 66 5
484 80 33
369 64 60
264 54 23
408 75 41
395 81 24
389 78 42
409 29 28
94 16 29
47 53 8
416 17 12
323 57 36
483 25 12
258 10 52
387 25 49
105 25 34
192 44 38
196 100 5
346 91 25
72 58 13
35 65 39
362 84 61
183 53 36
2 62 41
452 89 11
103 99 44
189 50 11
107 38 60
402 41 2
424 14 13
205 19 59
449 92 35
51 88 24
488 65 17
124 36 13
11 46 34
411 85 41
164 49 20
246 95 48
73 97 5
466 54 42
189 87 2
200 75 13
330 13 6
449 77 23
25 1 43
410 92 11
242 28 29
227 22 7
82 11 23
19 94 33
24 87 43
218 46 13
371 24 10
177 69 34
96 94 27
115 14 47
124 46 50
339 76 1
414 91 15
436 88 29
311 29 29
297 18 21
163 41 15
254 97 26
495 63 27
438 40 22
331 63 22
451 83 9
112 48 3
148 73 25
481 15 22
200 87 62
324 12 36
162 57 18
468 20 28
436 37 19
284 55 32
375 59 28
208 21 55
266 90 46
101 9 19
265 54 46
373 18 22
177 89 22
476 78 24
419 66 15
248 46 42
306 58 5
263 55 13
224 21 45
118 22 8
374 44 53
490 17 25
412 40 4
65 75 6
489 84 50
41 23 35
31 94 22
46 18 27
41 72 50
279 35 4
29 60 52
73 9 13
3 54 16
157 21 51
44 4 16
88 84 4
350 4 27
493 47 56
249 43 16
384 59 29
500 96 32
156 16 22
419 13 33
306 92 14
105 61 27
128 3 17
454 1 29
336 70 11
26 27 38
395 1 12
123 20 27
97 27 15
272 71 35
302 58 25
81 5 66
360 6 5
340 88 29
303 84 21
462 35 13
405 42 9
429 8 38
313 32 7
303 82 29
483 29 14
12 11 29
97 45 28
263 88 35
271 25 45
265 89 21
468 34 12
476 38 20
422 29 23
453 45 56
332 60 25
381 48 38
296 80 24
414 44 11
81 69 37
311 49 13
322 78 21
310 -1 19
72 18 21
106 56 44
310 40 27
149 28 49
201 66 50
64 20 18
276 10 59
437 18 15
61 34 30
392 99 26
378 100 34
165 47 16
133 48 13
119 58 4
403 8 8
151 43 17
94 24 41
75 45 6
145 18 15
116 18 40
17 53 16
162 81 33
240 79 34
363 46 24
379 3 7
336 68 1
68 19 10
177 22 22
249 100 13
72 66 45
404 67 29
489 28 16
32 87 59
357 41 32
495 95 10
343 5 56
395 9 15
98 19 57
137 38 12
497 100 18
51 69 16
211 21 13
132 71 11
375 2 13
362 38 64
138 69 23
320 79 15
398 43 14
301 29 28
328 25 50
225 94 32
412 54 27
277 87 32
229 48 52
83 96 25
325 73 37
1 56 21
132 20 12
301 28 17
69 56 37
255 75 34
70 92 42
217 75 10
45 47 31
64 7 12
175 69 39
301 22 35
395 78 55
104 43 11
243 62 39
178 76 1
64 72 15
40 41 37
12 68 19
216 45 23
1 16 21
158 41 19
18 71 14
280 89 13
331 43 11
335 48 4
152 20 4
277 99 25
168 93 64
173 90 30
85 18 8
23 3 33
208 25 6
107 31 12
306 56 14
191 82 33
228 93 13
368 17 35
340 54 21
298 34 46
213 8 46
386 49 62
415 29 51
449 26 37
307 37 8
67 48 6
190 23 26
20 13 18
464 64 29
9 11 55
7 40 20
185 27 36
101 36 32
307 86 34
73 45 54
18 24 35
239 31 61
341 87 59
226 10 11
436 100 17
135 55 16
41 91 5
87 17 48
436 30 17
77 58 5
57 43 37
5 66 20
453 74 55
374 83 4
239 97 7
126 80 30
123 97 23
466 23 25
396 3 9
64 73 12
255 8 29
56 30 18
361 71 57
343 61 24
462 82 25
356 61 22
463 25 12
149 70 29
248 32 6
188 2 24
163 19 34
252 63 1
209 38 27
116 80 47
235 73 19
256 26 41
50 87 15
387 40 32
467 1 37
161 83 14
150 87 35
156 98 28
292 58 26
496 37 34
175 32 47
493 13 3
315 41 31
361 71 32
334 21 10
296 62 39
21 23 34
179 9 13
352 84 14
146 31 4
301 24 30
344 46 13
307 83 31
205 9 22
469 39 20
490 91 21
63 34 57
111 52 49
127 31 19
486 68 19
99 8 2
126 8 14
99 38 15
285 10 54
295 83 16
334 36 19
218 67 6
186 12 27
271 48 61
7 72 63
79 82 40
64 35 50
22 19 19
238 42 37
453 16 2
415 52 12
376 83 34
452 22 38
103 30 26
266 38 6
329 46 10
469 22 38
444 4 15
24 57 20
245 53 23
286 76 26
445 28 12
418 90 54
36 55 1
234 71 43
224 86 26
90 59 45
62 18 41
151 91 19
428 3 32
121 83 7
468 31 43
268 74 8
394 21 16
206 87 45
228 88 36
380 56 19
112 41 60
460 80 44
5 2 46
436 4 31
142 4 23
344 61 1
416 49 7
412 22 38
134 75 46
228 88 48
261 54 10
157 17 29
427 45 10
453 43 8
397 10 49
436 82 6
470 28 23
5 86 12
312 21 17
347 98 39
283 59 31
155 51 36
322 95 26
167 13 18
236 42 70
63 4 23
301 20 57
109 56 23
158 71 49
117 7 33
371 100 48
376 21 35
20 99 14
381 84 22
323 17 42
109 5 37
355 19 29
150 30 4
377 76 20
405 6 20
170 74 66
263 91 61
401 1 32
413 13 45
313 44 34
78 40 50
255 81 2
250 57 43
187 92 19
86 87 19
202 61 56
278 33 11
462 60 32
114 98 15
48 8 35
492 4 44
365 77 18
15 22 24
87 80 17
286 26 17
73 60 44
252 47 23
95 75 29
260 89 13
425 5 17
91 86 56
296 27 48
199 39 43
42 96 47
187 28 43
90 27 31
250 8 29
184 85 46
311 28 8
366 26 15
273 96 5
232 8 40
34 84 2
350 35 4
313 69 59
317 73 24
301 72 8
158 21 26
190 65 56
463 82 29
210 92 -1
400 69 26
229 59 28
130 43 16
455 45 4
181 95 30
113 96 5
183 18 32
438 87 25
215 41 18
423 45 39
416 62 6
236 96 22
112 80 36
14 11 47
184 95 48
290 62 47
493 51 7
132 21 35
56 23 1
420 36 5
263 2 4
492 23 11
116 90 3
274 72 63
93 41 18
18 89 12
156 37 2
491 93 23
416 86 9
328 23 19
46 49 56
89 47 18
71 20 47
96 42 3
411 16 5
297 18 68
377 100 44
248 48 23
346 24 68
470 23 57
361 5 39
301 40 28
83 91 22
323 77 28
229 7 23
14 39 18
206 33 11
472 1 32
305 81 17
194 25 41
212 93 10
419 14 42
167 37 28
169 20 44
421 43 11
238 60 29
153 64 12
68 91 24
383 73 56
248 5 38
429 3 41
101 1 22
112 81 20
344 51 24
241 64 41
388 16 26
313 27 51
160 62 35
372 95 10
196 23 45
365 42 37
139 14 58
319 67 15
178 91 28
62 11 37
358 36 31
168 42 55
288 54 36
34 79 15
133 32 21
250 30 17
185 21 48
205 65 14
363 67 26
298 22 40
313 95 27
195 12 41
232 76 31
448 27 29
496 58 11
114 40 48
390 47 61
235 14 21
297 66 16
225 17 36
364 81 16
146 17 11
417 99 18
40 83 12
37 54 34
50 85 52
319 57 33
290 8 9
89 89 51
477 2 8
204 18 48
424 7 32
392 37 51
270 79 8
193 68 35
102 92 49
284 74 26
403 30 33
218 32 41
121 20 38
470 57 13
77 63 35
498 69 44
171 19 39
488 10 23
282 60 42
220 93 9
128 99 40
28 93 50
90 5 31
406 1 32
262 58 21
169 90 42
382 52 64
128 10 22
141 64 8
147 3 57
430 94 22
364 59 22
328 87 26
21 42 3
21 75 61
367 6 2
245 26 49
228 38 40
148 74 43
313 90 45
131 7 23
233 43 26
401 52 14
311 63 21
53 30 38
172 83 13
209 2 58
496 48 56
106 95 40
372 57 34
6 89 19
273 28 26
499 35 27
37 2 18
455 45 59
444 83 15
330 42 30
56 1 53
173 14 21
274 93 13
413 68 63
37 50 63
328 52 34
99 25 21
79 42 37
63 32 42
476 45 8
383 25 44
370 54 62
324 87 18
444 89 32
246 84 30
12 3 55
10 19 25
261 33 45
182 17 19
470 54 11
473 3 14
22 17 14
335 75 38
41 9 31
426 93 19
331 15 51
147 2 7
156 76 36
102 64 26
47 28 51
54 82 59
259 25 18
97 57 39
171 36 3
289 27 59
454 83 31
170 45 23
349 92 42
51 10 8
306 28 11
351 46 37
134 73 16
27 98 6
295 17 11
112 12 4
104 59 24
468 19 18
298 83 24
329 50 3
323 34 16
231 100 29
316 87 16
398 89 12
299 38 12
390 6 -1
347 76 3
161 9 35
408 6 14
144 84 17
325 45 41
234 7 55
293 82 30
79 55 7
182 22 63
482 23 45
280 54 9
21 15 22
51 19 46
11 65 35
496 48 26
30 4 18
496 9 21
14 41 21
162 12 17
275 10 41
93 71 11
4 12 7
393 15 36
252 97 23
172 89 10
494 31 15
208 58 31
202 65 16
385 77 51
105 29 29
254 71 36
311 10 21
92 79 46
239 38 23
46 30 21
158 5 11
33 90 17
354 73 67
149 60 23
64 100 25
251 11 31
500 26 55
9 79 7
498 1 44
454 21 1
69 38 44
161 3 5
440 51 57
353 13 40
262 40 38
445 50 35
171 6 14
58 18 39
130 30 49
78 21 21
221 15 25
154 52 59
429 35 39
103 86 49
317 10 53
57 20 31
192 62 18
248 30 36
222 53 9
235 82 51
341 88 55
218 87 24
358 7 30
468 12 28
333 13 19
461 84 22
317 52 7
191 4 26
439 83 16
8 36 12
37 91 2
434 15 11
350 83 20
260 78 -1
268 19 12
42 56 46
286 43 38
456 74 19
176 4 34
282 2 54
280 -1 8
425 39 64
403 31 32
430 97 16
420 54 12
379 86 42
360 71 24
116 4 35
149 26 37
367 11 35
467 89 9
444 26 33
264 69 44
460 5 4
185 13 8
29 63 59
470 58 45
468 82 13
8 17 34
437 83 27
87 15 40
52 87 48
93 52 40
373 94 6
222 30 25
319 34 12
16 44 9
101 61 1
441 18 5
402 33 8
405 43 27
497 88 10
173 10 33
205 77 29
157 95 19
48 100 41
117 39 9
371 42 32
136 81 41
220 11 61
72 33 46
279 89 3
363 31 6
162 64 2
332 52 18
137 2 53
89 100 46
471 16 31
67 43 30
267 49 15
262 66 18
418 37 57
362 84 35
152 31 28
182 8 33
349 89 38
62 100 22
442 48 53
91 53 41
293 96 25
69 25 20
116 97 55
200 17 51
365 86 4
19 88 6
390 98 23
353 5 36
240 10 19
469 98 22
254 100 9
163 76 46
30 1 2
378 56 22
112 63 15
185 77 44
12 59 21
11 63 33
77 52 8
234 27 28
335 23 20
226 87 33
244 26 14
136 71 32
56 27 22
187 1 15
463 67 55
241 48 24
86 49 47
350 23 5
412 80 3
387 33 34
372 95 36
350 73 33
44 8 13
125 47 5
447 30 17
339 35 23
393 10 5
4 29 67
461 81 54
128 67 38
474 8 7
154 52 15
323 3 1
166 80 27
408 34 8
267 16 19
34 3 4
141 41 62
265 14 38
236 3 23
161 14 5
483 72 45
382 7 42
482 47 35
412 41 67
424 88 33
285 92 42
57 37 33
8 59 38
417 81 1
106 99 5
397 24 30
420 89 25
28 41 37
127 4 7
64 79 21
295 79 3
384 20 1
316 48 7
119 12 60
278 77 33
247 100 24
3 99 31
477 41 18
220 95 9
209 64 10
39 97 47
498 18 24
350 58 42
498 4 48
421 62 47
85 4 28
411 54 24
287 40 17
218 13 37
391 58 55
431 33 37
236 23 13
2 20 22
92 22 38
48 33 20
124 50 2
460 50 26
304 21 16
245 78 32
212 20 30
166 51 49
364 91 33
366 70 14
429 61 37
394 52 25
329 34 54
434 23 45
442 2 11
404 15 2
414 23 39
254 22 9
43 82 5
197 81 26
423 51 31
300 4 4
206 48 18
405 95 37
40 66 13
481 55 42
39 83 34
6 36 17
191 41 14
498 87 20
143 22 4
162 32 46
137 32 24
416 19 10
474 32 22
319 9 20
401 79 36
217 93 2
215 89 25
20 30 14
428 3 17
128 19 10
489 42 66
342 76 30
492 60 36
74 55 1
126 9 8
369 38 32
141 51 30
226 9 24
11 74 47
217 43 43
492 63 32
215 66 20
299 53 68
464 58 21
197 43 42
218 6 24
158 24 50
325 52 7
70 60 29
190 20 17
93 49 36
117 56 12
331 68 17
9 55 7
363 90 18
218 46 44
30 2 5
364 69 20
433 48 4
278 43 54
203 95 6
257 5 49
23 91 2
272 68 42
438 13 14
29 34 35
222 11 8
155 29 35
327 95 18
437 14 17
437 22 28
373 58 18
470 47 28
294 5 8
361 85 21
11 70 9
359 41 21
273 45 24
122 88 18
102 3 21
419 42 38
138 58 26
83 62 47
202 13 9
157 69 22
209 42 24
62 15 41
379 46 29
355 50 40
121 11 5
281 74 12
103 46 30
307 94 9
8 19 48
216 32 37
311 6 29
211 100 17
317 99 21
316 5 52
425 4 33
199 96 49
379 5 35
469 51 33
78 91 38
396 92 50
295 51 14
289 27 60
94 36 31
432 63 7
120 15 47
111 27 18
417 23 25
455 60 64
100 75 55
27 65 36
119 98 27
69 16 4
432 86 39
195 21 26
169 46 20
137 1 12
120 43 26
368 96 39
264 97 10
481 88 6
234 84 33
304 70 66
106 96 2
112 93 14
358 28 46
375 80 24
376 17 6
456 91 42
174 55 27
125 76 28
323 42 55
286 88 56
268 39 35
18 90 45
58 11 4
53 26 45
154 66 12
147 34 41
268 10 16
304 55 44
48 15 17
60 24 26
95 46 33
387 77 15
451 73 49
193 90 9
193 43 40
243 64 33
323 60 25
348 65 42
137 70 16
79 50 16
439 62 24
256 72 20
487 40 5
300 42 66
330 90 64
307 73 9
348 41 19
12 63 43
245 93 26
490 43 -1
6 3 20
332 26 12
282 15 21
443 6 24
130 100 18
478 58 39
200 35 13
345 89 33
366 95 31
310 17 17
331 22 2
103 69 15
379 6 4
293 71 48
323 65 12
99 6 44
416 27 10
222 10 13
282 34 47
466 8 50
394 29 19
293 9 44
414 9 41
188 95 18
37 97 5
344 84 42
7 10 16
339 74 22
482 100 43
208 14 47
208 97 13
497 8 2
226 62 32
225 30 11
381 10 17
24 36 40
33 45 20
67 42 18
308 89 25
239 56 38
59 29 56
410 84 55
201 30 25
416 51 1
96 24 38
87 64 43
310 6 2
15 28 18
360 84 29
115 16 49
2 78 22
204 13 30
135 8 54
222 96 3
150 96 43
235 83 44
145 87 44
88 17 46
121 3 53
183 22 36
305 26 41
302 24 40
484 17 3
96 10 6
478 39 41
341 17 35
338 16 32
493 81 38
124 100 22
486 28 2
288 45 26
54 71 21
261 44 2
360 22 48
344 44 26
42 3 61
247 54 27
480 37 7
48 29 21
260 42 24
372 13 15
402 65 20
389 57 46
401 84 44
461 72 12
48 78 20
459 92 9
56 78 45
443 19 15
184 18 23
426 16 9
151 55 23
88 25 16
262 62 23
478 94 16
288 36 22
61 55 20
92 56 23
319 62 38
238 68 25
478 5 26
217 32 12
5 79 7
148 94 54
249 54 20
215 89 29
206 80 38
408 63 41
198 59 1
414 30 31
361 68 8
13 74 30
327 30 43
371 23 7
402 44 16
261 6 16
435 15 61
383 74 19
347 51 2
333 40 8
482 15 34
376 77 39
232 9 15
170 78 67
158 74 65
92 54 29
438 81 20
345 37 64
23 55 5
154 27 40
328 41 13
194 83 35
58 26 46
129 35 21
386 48 5
399 95 39
205 14 29
154 98 19
332 91 34
368 35 25
23 78 61
405 78 55
483 45 10
248 57 19
188 24 40
122 9 52
449 51 48
409 57 6
231 3 2
399 52 41
308 78 1
206 42 8
35 74 31
174 92 38
363 16 21
47 65 6
277 19 11
128 71 9
213 55 37
481 15 15
160 46 8
299 41 10
491 31 56
100 70 11
106 34 24
281 59 60
464 48 31
446 1 29
299 90 3
154 96 10
492 96 17
216 57 27
490 64 42
440 70 46
213 33 16
403 60 1
444 99 16
360 36 49
376 9 24
83 97 11
236 72 25
378 98 15
53 21 24
403 79 48
190 30 21
241 95 56
129 94 28
129 31 56
361 86 22
90 78 67
125 4 26
136 25 23
446 57 44
137 85 48
465 24 9
84 61 19
302 98 16
474 92 15
345 79 29
487 9 17
245 17 46
22 24 58
353 99 42
300 98 11
259 48 15
492 89 7
476 15 24
211 24 29
293 91 45
143 40 22
140 27 24
166 43 24
259 19 37
375 91 56
251 55 30
148 55 41
98 76 6
415 89 12
8 48 13
401 43 28
384 87 26
237 89 26
208 20 36
79 14 10
460 83 28
105 76 32
164 78 37
61 23 28
380 32 46
91 5 8
371 29 42
140 77 10
278 66 27
241 57 55
173 3 32
286 93 15
391 40 23
162 23 31
323 42 51
469 95 30
260 56 51
309 35 17
365 9 20
214 41 25
9 59 31
92 61 24
476 63 47
326 49 44
444 82 12
169 31 9
139 99 16
491 58 63
317 3 29
415 19 56
33 43 27
488 86 44
241 16 25
300 99 -1
398 95 22
149 37 9
255 23 11
465 23 24
289 36 53
61 85 5
467 27 35
16 44 47
129 45 12
384 76 8
483 46 14
433 80 18
248 44 27
322 86 43
381 4 54
270 30 51
343 81 51
352 84 9
268 38 18
337 36 21
157 84 57
65 94 15
363 66 22
192 34 15
204 34 20
417 56 41
45 81 42
316 36 31
320 78 27
357 93 29
384 49 4
293 19 19
363 27 32
215 29 28
419 96 38
77 59 17
56 67 49
115 54 21
336 87 6
4 70 14
313 26 50
63 62 29
386 81 9
132 28 2
56 65 21
45 45 7
362 99 30
24 70 29
283 77 30
87 18 2
388 55 22
410 92 51
325 94 39
56 86 17
461 36 22
118 78 8
292 9 23
149 39 67
345 97 54
304 98 19
279 91 10
341 27 28
38 14 44
79 27 39
176 99 34
392 51 7
473 45 12
276 52 14
154 59 26
376 57 28
358 1 34
2 23 23
225 22 33
18 78 43
181 34 37
244 76 39
332 55 11
392 92 50
245 49 46
125 11 44
340 57 28
221 6 51
256 55 10
489 85 4
243 7 24
251 79 5
124 63 34
342 23 44
460 44 43
325 28 4
59 66 34
67 52 29
382 12 7
392 81 10
211 21 49
145 46 55
185 29 20
256 97 25
163 59 9
62 47 16
358 28 19
406 71 65
98 31 35
391 35 35
1 97 20
477 49 7
44 17 27
117 69 32
139 53 38
111 72 22
154 22 60
408 31 2
227 14 14
36 57 60
407 64 30
286 54 30
346 60 46
467 89 25
394 58 25
23 2 34
482 62 42
257 99 35
196 30 41
241 23 9
415 29 56
351 32 11
204 31 38
467 18 28
447 5 21
276 10 6
386 41 9
270 72 49
108 9 26
355 41 48
468 42 4
448 75 26
312 87 30
456 19 14
474 25 36
266 71 19
179 61 49
153 76 20
169 44 26
470 38 28
173 97 42
363 9 25
41 49 21
342 34 20
338 49 53
372 87 14
101 92 11
500 41 15
111 50 20
43 46 3
384 62 42
79 80 26
103 80 18
60 32 30
423 33 1
343 72 26
166 69 50
404 6 32
336 48 57
450 17 3
382 20 25
46 24 34
193 48 6
270 3 42
119 93 12
289 91 32
141 35 30
143 55 27
296 8 51
463 92 7
114 10 11
448 14 26
156 53 31
188 10 14
165 56 26
16 2 14
138 96 21
378 69 17
423 64 17
29 94 13
247 21 40
183 95 36
2 10 27
81 1 46
197 68 8
317 82 18
328 60 27
33 16 7
413 64 33
232 2 69
324 6 3
236 67 22
64 92 63
17 78 9
444 74 49
481 20 59
184 96 5
445 76 57
359 75 11
113 29 33
188 40 15
413 17 12
310 71 40
295 98 41
157 2 12
66 38 21
63 53 18
418 67 27
429 58 44
476 97 49
238 77 30
222 3 18
286 36 24
211 81 19
133 74 42
493 8 13
217 13 14
62 86 58
315 84 21
286 85 6
221 81 10
461 34 21
360 29 19
218 24 3
127 96 26
485 41 15
308 14 17
227 76 53
371 72 33
13 34 17
309 21 17
169 54 22
447 77 38
297 68 37
459 48 29
293 27 8
409 35 24
422 2 17
106 23 48
128 90 3
158 11 44
404 47 18
410 97 30
131 74 19
347 100 17
457 1 23
181 8 20
65 3 64
158 43 28
52 29 10
404 23 26
48 17 52
468 18 11
218 81 31
240 5 30
17 44 48
247 68 39
273 8 56
395 41 8
334 36 50
476 53 40
312 90 34
186 24 21
343 46 20
345 7 31
147 19 5
282 34 25
170 38 67
338 27 1
412 82 21
250 96 46
45 91 22
330 34 16
468 46 32
167 17 16
107 20 21
351 4 25
390 42 49
379 77 12
310 67 41
269 76 27
45 2 20
374 41 4
345 2 41
343 98 7
87 21 14
444 21 44
498 93 45
195 100 15
375 83 3
34 47 61
110 49 21
411 7 21
407 51 43
277 21 43
211 100 17
408 65 31
91 70 41
79 35 22
439 77 16
27 60 26
40 45 33
29 57 10
81 92 49
78 65 15
468 45 21
415 51 37
234 85 34
71 39 22
160 29 15
62 25 20
399 45 50
15 70 16
350 81 35
9 34 9
62 75 27
36 83 27
336 85 21
341 25 16
233 100 9
201 87 20
338 61 6
332 93 42
142 69 43
363 26 6
417 34 27
68 34 3
132 98 15
105 63 13
404 49 2
156 13 56
246 49 41
356 27 21
212 62 48
248 58 2
307 87 23
201 48 25
396 5 6
418 17 16
210 72 17
221 52 15
51 51 5
9 92 14
445 70 13
332 20 63
122 59 28
309 9 36
12 80 14
330 90 51
364 9 32
280 77 1
260 95 5
480 15 17
440 100 22
310 12 24
171 60 13
156 97 10
447 20 2
495 73 18
131 25 5
376 43 54
452 8 17
452 65 6
120 3 23
338 55 25
81 3 27
136 65 6
140 21 3
461 75 8
239 38 16
493 65 46
103 91 22
472 42 13
134 84 33
262 72 44
224 21 12
495 35 51
325 87 30
452 79 39
269 44 47
320 25 22
332 5 33
375 64 10
211 13 52
307 2 6
260 58 45
112 20 27
253 98 13
338 49 11
164 92 31
98 99 19
59 22 29
499 39 20
143 14 14
123 3 16
151 40 16
252 28 32
300 4 42
427 85 48
246 83 13
223 85 32
221 98 8
162 6 24
380 16 3
287 7 8
154 54 49
197 76 38
206 99 15
284 27 16
455 26 26
440 86 19
245 23 36
357 52 25
249 33 35
490 83 37
312 50 42
229 19 22
274 47 34
201 19 34
227 50 19
250 58 10
44 61 17
172 85 23
311 8 19
190 93 12
101 88 48
357 57 51
333 97 54
77 91 48
474 2 15
322 49 16
205 1 50
500 74 36
178 16 41
28 51 46
470 71 24
392 41 36
244 86 11
389 70 11
195 40 19
352 47 56
124 16 56
104 10 33
2 49 47
34 17 10
161 33 41
195 10 28
409 22 22
63 23 8
119 87 7
336 96 6
213 20 63
273 3 20
482 29 42
427 36 13
489 29 25
129 3 21
175 93 53
162 6 10
458 41 13
369 79 51
66 50 1
378 77 58
369 5 49
198 78 14
383 94 26
128 75 32
466 51 46
251 74 31
202 96 63
386 63 60
164 33 34
122 14 35
155 4 22
177 15 25
26 48 10
120 15 24
47 54 38
175 56 32
299 55 8
227 36 57
312 54 13
64 47 24
282 19 3
474 81 11
270 94 2
445 27 28
13 27 31
178 35 26
52 43 51
425 51 31
124 64 43
275 65 2
277 32 10
258 96 41
40 52 22
283 63 14
439 10 2
285 82 44
208 63 33
139 69 26
378 93 33
315 11 26
394 10 46
424 57 17
326 51 9
77 19 25
46 82 44
92 59 12
310 100 39
214 8 28
31 75 16
441 34 34
97 98 7
488 86 1
419 54 11
339 70 48
289 37 41
447 27 70
471 41 47
136 31 16
298 76 23
345 63 15
126 30 27
418 50 4
175 18 37
367 15 48
460 81 27
355 73 59
349 68 25
139 72 32
274 30 8
335 12 11
71 43 21
42 39 59
197 91 54
358 96 59
467 15 4
112 25 4
303 99 20
78 7 6
332 43 40
33 36 23
426 10 31
5 17 25
483 82 24
358 21 44
263 84 44
278 24 1
59 42 47
4 66 2
34 2 20
135 92 28
313 33 9
137 32 2
267 61 60
84 17 17
458 93 14
410 2 37
207 12 61
125 85 57
146 23 44
289 88 44
71 7 21
116 31 44
192 48 8
303 59 60
457 71 19
80 72 9
491 20 35
62 67 40
304 65 41
211 15 7
419 12 9
210 56 34
305 59 7
410 54 47
52 90 13
306 72 30
487 22 42
334 94 32
25 76 29
134 43 24
204 22 34
188 73 26
379 41 38
457 83 49
339 81 12
374 10 15
337 67 25
209 6 24
57 67 56
491 78 38
500 87 37
212 28 45
353 50 2
239 45 20
305 45 2
23 40 35
39 62 18
445 70 20
91 14 55
389 46 31
448 84 20
243 67 9
334 6 25
346 38 19
453 14 40
97 41 7
346 77 49
22 40 7
208 66 43
225 65 42
173 93 23
474 13 2
36 56 4
307 61 19
494 70 60
91 15 30
32 93 19
457 39 33
132 93 6
180 40 53
394 55 26
348 80 55
222 5 56
115 97 35
436 20 22
277 43 9
430 65 27
241 74 10
164 13 33
269 15 5
21 34 15
169 7 16
131 55 58
385 17 13
290 84 21
292 73 33
387 88 9
288 81 50
216 44 21
186 78 45
292 78 47
326 72 30
177 100 9
139 27 19
493 22 39
21 12 8
180 38 1
49 4 18
229 74 4
103 15 31
353 22 8
414 90 43
9 99 49
170 56 13
224 15 60
378 62 15
405 68 45
170 66 59
485 41 20
491 68 13
28 40 55
163 62 10
292 91 21
47 35 27
204 49 5
141 38 47
357 4 32
14 77 16
390 49 41
255 16 45
300 62 64
144 31 42
20 83 14
420 51 28
492 84 23
216 61 40
398 26 14
421 82 28
12 78 51
212 70 26
441 9 27
24 60 49
347 11 51
42 94 5
457 81 26
197 69 48
51 40 17
369 55 62
414 15 26
19 46 21
392 1 53
233 43 48
411 26 14
218 47 21
360 56 30
346 81 36
395 10 25
396 59 38
257 60 3
389 66 8
40 56 48
450 72 31
172 90 16
59 17 22
263 32 38
322 33 27
288 17 29
124 73 25
474 35 47
155 5 33
27 44 26
62 55 52
195 15 39
188 39 37
307 19 8
43 20 10
54 54 26
236 37 40
99 3 48
192 81 48
3 18 8
88 84 43
404 64 28
169 11 15
308 4 31
284 60 21
249 64 8
213 65 55
426 85 12
67 26 17
487 52 2
477 86 19
387 93 61
262 5 17
120 48 41
434 71 29
394 57 27
340 52 18
411 68 8
258 53 42
315 80 45
27 28 29
213 89 31
334 88 17
313 70 25
147 98 2
156 61 36
392 32 8
313 24 27
358 51 26
107 57 39
126 98 31
265 96 18
211 18 18
192 89 57
411 98 21
421 43 15
246 95 22
354 70 32
365 55 43
430 68 25
49 13 37
485 91 21
436 30 29
132 78 32
103 49 25
103 72 6
1 51 28
218 41 15
411 65 23
231 90 1
128 10 38
272 11 14
112 17 18
440 18 28
259 8 56
288 2 52
389 85 1
322 27 55
338 55 3
294 50 26
270 28 22
233 59 49
167 1 7
41 57 53
273 7 34
393 64 54
96 40 59
161 30 26
275 72 11
346 49 61
362 11 21
274 33 43
167 84 31
24 53 20
263 86 23
426 49 39
356 15 36
378 93 25
224 48 40
84 8 3
360 30 7
360 5 24
459 7 36
52 6 37
335 14 11
156 11 23
369 83 3
356 81 37
285 1 58
45 59 17
191 68 36
196 72 39
336 1 10
134 1 54
421 44 14
353 33 67
143 52 45
479 68 22
339 71 42
324 80 11
281 72 17
54 100 18
432 43 22
286 77 42
142 82 59
207 25 27
433 1 19
353 75 8
16 10 54
131 21 29
236 71 9
4 61 44
299 70 15
109 90 35
200 63 26
195 88 21
218 75 42
111 92 18
96 73 19
308 80 12
40 16 3
81 89 16
237 70 29
132 17 39
364 70 16
332 15 12
440 49 9
201 9 28
304 40 23
457 80 37
43 12 29
445 5 19
6 60 46
181 67 12
375 49 14
151 51 26
31 90 30
1 36 54
254 88 28
132 57 19
336 50 62
383 20 51
450 83 62
442 58 20
294 44 33
387 79 26
477 92 10
462 88 3
433 16 21
311 31 19
125 4 17
13 50 25
93 33 36
263 20 13
412 61 19
448 43 41
210 36 28
440 70 55
160 8 26
51 72 42
234 87 20
348 17 29
304 96 18
65 46 23
157 96 3
109 60 21
481 10 51
375 82 41
450 21 53
188 51 16
318 31 41
443 54 25
425 52 46
258 100 2
409 56 39
354 34 42
384 94 14
179 18 35
429 61 9
165 89 19
41 26 5
121 39 7
131 71 23
172 68 50
186 54 25
114 1 16
227 83 11
410 12 17
101 33 24
177 42 59
321 43 31
34 47 44
17 69 24
460 47 38
209 87 19
187 74 24
102 36 21
56 98 35
383 82 10
98 94 1
31 46 10
142 85 54
271 24 22
418 51 33
500 48 23
352 64 35
181 44 5
37 62 49
484 16 62
464 54 52
166 45 25
277 6 18
324 27 27
44 66 10
374 6 20
344 69 46
61 48 42
314 43 10
487 65 14
270 44 63
182 19 33
39 38 37
324 38 49
322 31 28
486 71 25
410 3 42
192 74 3
307 39 7
177 20 21
143 67 18
488 42 18
170 19 56
461 53 34
49 2 24
296 66 6
143 94 20
148 97 11
418 56 32
364 13 11
122 43 4
296 16 12
209 83 23
298 15 1
223 26 35
177 92 43
53 11 29
137 13 29
387 8 8
16 74 14
403 54 8
302 15 45
355 27 37
154 20 29
438 100 30
249 96 14
287 25 23
130 18 25
267 56 57
110 23 31
25 22 27
124 69 35
282 3 23
109 60 36
1 40 16
184 33 42
285 30 26
251 68 40
288 29 19
489 61 60
120 35 11
362 76 25
241 66 29
250 20 25
248 69 11
290 65 21
416 27 67
249 69 5
496 83 16
148 98 25
70 -1 20
339 71 64
260 64 31
386 16 48
217 58 8
353 45 45
192 35 57
456 14 20
216 66 48
465 85 48
255 39 33
7 62 24
171 41 44
166 28 6
221 30 17
228 92 24
182 2 3
129 58 50
462 80 6
220 57 36
119 81 24
209 76 47
213 95 17
498 15 20
436 95 14
20 40 3
363 73 34
344 100 14
408 76 1
188 68 16
65 58 37
293 93 6
100 64 40
307 36 35
455 79 1
479 69 36
494 9 36
226 24 60
168 37 22
36 36 7
58 68 22
399 68 15
373 51 54
357 87 46
200 21 19
74 32 14
268 28 26
385 81 4
432 26 22
298 96 9
452 40 35
353 7 55
375 59 18
63 47 43
292 32 27
58 88 38
51 48 19
7 73 23
131 28 47
24 1 29
476 81 8
231 63 3
77 67 23
73 51 48
323 41 15
220 53 49
181 55 16
360 69 33
148 38 4
257 72 13
422 14 25
7 53 46
105 9 53
245 44 1
229 93 29
283 83 41
120 47 6
73 8 48
19 35 35
435 22 42
356 75 13
354 41 48
102 28 37
418 14 24
282 43 35
481 60 5
430 45 28
357 83 9
488 73 45
374 18 36
64 99 22
380 48 13
99 62 6
7 56 55
312 22 19
10 2 24
274 16 15
398 99 54
51 35 41
285 54 21
360 93 31
339 31 20
57 99 21
223 51 32
101 34 7
318 57 22
317 11 31
367 61 25
298 52 23
70 79 23
280 26 18
380 83 13
479 40 16
108 46 53
464 59 21
357 100 37
21 5 32
200 49 5
445 48 28
233 69 27
328 10 24
74 53 4
61 59 25
379 60 15
411 71 40
1 38 8
392 55 37
75 54 24
19 72 14
282 72 11
31 3 44
173 26 15
164 95 16
49 31 24
436 3 28
139 34 31
27 97 59
201 23 7
147 82 21
389 12 10
187 5 8
7 41 22
474 72 11
17 79 32
287 84 24
406 33 7
291 55 12
25 21 33
136 22 51
19 63 4
253 83 59
208 35 18
373 31 9
235 25 35
135 3 28
352 93 34
188 41 15
149 96 37
169 17 4
448 39 22
15 81 5
136 41 9
286 24 25
64 35 24
94 13 50
160 80 17
72 59 28
62 94 40
329 28 20
282 68 49
221 33 29
378 76 25
35 13 23
261 61 2
122 35 29
181 57 7
118 22 56
406 7 41
382 21 50
131 97 3
190 56 18
61 25 33
400 55 33
329 78 19
88 17 18
269 17 33
97 79 28
147 68 30
160 12 7
396 15 24
271 99 14
438 1 30
42 55 16
234 53 54
464 53 11
455 11 48
184 14 26
24 25 33
487 34 30
164 33 32
304 8 37
313 85 11
237 31 15
141 96 25
361 16 51
440 66 24
17 46 2
348 30 44
144 67 18
171 15 3
243 94 8
89 14 38
157 7 18
307 44 10
471 74 24
57 87 28
413 99 46
317 38 38
199 64 29
422 98 31
156 55 46
477 21 14
406 62 30
413 35 49
124 76 18
491 85 6
34 4 50
210 44 23
225 50 19
208 26 25
190 14 17
156 44 28
428 87 62
1 3 18
362 67 46
243 84 6
343 82 15
351 41 32
152 63 3
162 75 21
73 64 39
197 41 5
379 62 28
319 1 9
215 85 43
144 44 65
328 23 22
189 58 18
198 66 22
291 72 1
415 92 14
113 74 35
114 13 40
317 39 40
361 83 11
440 4 47
479 49 11
317 64 1
377 54 16
167 87 28
455 50 25
344 46 7
466 32 32
285 5 22
68 29 22
82 28 38
66 81 39
431 19 38
274 65 1
295 84 8
140 8 12
38 55 9
225 22 10
271 55 46
429 83 27
142 83 38
348 70 39
10 1 2
200 -1 1
102 60 62
136 29 10
170 41 30
369 23 29
201 58 1
210 4 15
500 -1 22
243 61 14
339 80 17
314 33 29
362 87 23
204 15 59
112 35 30
25 66 15
306 4 22
89 29 11
5 81 23
197 66 17
39 21 17
422 73 22
2 22 23
40 9 45
16 100 59
362 34 42
441 67 63
82 31 9
78 85 45
52 13 21
450 75 54
452 80 17
420 32 14
408 2 26
438 97 47
109 89 5
26 64 17
291 62 3
65 52 42
23 61 31
25 31 59
167 30 19
71 52 50
117 50 30
413 37 61
67 14 55
60 -1 6
313 96 27
77 69 55
473 81 46
430 3 47
404 49 54
315 53 17
12 2 28
58 43 29
482 89 28
213 56 26
236 78 20
226 51 46
155 21 6
364 31 33
362 17 24
100 29 32
428 90 27
335 2 36
109 61 25
34 93 25
2 63 49
76 68 27
367 76 9
409 34 20
191 25 30
278 22 10
234 32 32
216 83 20
450 54 11
289 47 11
489 52 32
30 21 6
302 31 22
484 56 23
342 39 38
107 99 16
185 4 54
51 61 11
479 36 28
66 1 30
56 18 66
183 93 9
141 42 13
310 88 22
248 66 37
97 80 45
398 49 56
405 58 21
40 42 51
79 98 37
192 97 27
302 43 25
487 9 2
305 91 13
410 87 3
373 40 20
75 10 5
29 2 16
89 43 27
5 80 20
195 58 7
419 15 24
345 79 17
218 60 52
269 100 35
53 91 32
33 82 46
262 90 14
447 64 7
330 91 42
229 91 48
129 83 10
49 58 44
130 74 7
364 25 54
366 3 34
145 16 7
345 63 9
91 86 38
386 3 5
84 81 20
394 18 38
368 55 51
309 64 5
31 4 17
166 73 47
62 86 41
418 30 23
148 14 2
19 35 53
138 2 36
410 88 56
459 77 58
94 57 21
363 9 18
412 7 53
291 38 47
14 89 27
201 90 23
467 58 31
218 83 17
201 63 11
160 44 42
140 35 22
414 47 5
357 93 6
456 19 21
61 96 20
73 97 51
193 72 31
63 65 13
350 2 1
411 20 29
75 47 28
107 54 33
142 93 8
337 85 40
104 56 31
367 73 36
4 46 27
495 3 4
69 64 9
141 44 37
211 66 6
273 44 23
496 36 15
311 78 2
80 90 5
363 65 7
316 100 27
24 21 23
418 81 20
244 50 44
163 31 64
297 11 31
356 35 47
116 18 16
305 93 39
25 27 23
272 61 28
406 84 20
486 1 25
235 54 1
271 30 39
401 25 14
352 66 44
144 45 21
206 21 21
5 71 40
123 40 15
446 12 47
266 93 28
372 95 25
139 72 48
493 72 27
194 90 27
381 25 24
488 89 47
224 11 28
317 73 54
367 32 16
201 99 23
500 37 26
451 58 61
303 32 27
481 81 31
200 23 3
469 57 30
319 27 29
63 62 16
218 66 27
6 30 49
409 5 6
62 89 13
215 49 1
411 3 13
180 -1 55
464 61 18
352 51 23
401 39 16
243 50 27
75 24 9
169 77 19
433 90 27
402 91 25
268 68 14
469 91 22
167 86 37
350 52 17
194 100 54
467 28 22
289 70 3
401 86 39
395 72 10
121 79 23
204 52 61
3 49 12
150 74 13
422 30 32
231 17 5
412 82 46
254 13 20
169 75 8
429 19 10
469 49 21
82 42 3
323 60 8
177 47 38
329 12 36
377 5 26
279 81 59
24 20 12
392 19 36
74 69 11
273 59 53
14 80 32
384 81 21
261 51 5
491 49 28
353 22 18
193 70 13
80 43 38
32 72 13
446 21 22
34 40 52
30 85 4
249 5 53
326 9 58
433 63 25
104 62 39
151 4 21
340 54 19
282 65 37
255 26 32
419 48 24
428 79 36
471 53 39
161 36 4
158 93 55
109 79 13
4 40 51
7 1 33
18 80 57
58 64 37
168 31 5
66 23 39
267 92 10
122 42 36
81 73 33
425 74 17
54 44 22
159 79 38
410 96 2
500 2 49
63 64 49
377 18 40
95 45 26
7 32 34
358 76 30
203 65 5
173 29 3
468 96 44
349 26 34
422 43 27
74 45 30
321 72 41
189 61 41
170 51 19
74 11 38
93 90 8
412 12 16
390 18 34
163 6 8
20 9 61
304 35 41
145 90 58
232 68 21
379 48 39
117 81 24
484 54 53
374 51 28
213 97 26
26 96 41
84 78 54
421 21 33
340 9 16
95 55 27
496 50 42
243 39 20
439 16 19
414 40 32
283 62 8
343 14 44
88 79 60
127 40 18
238 88 61
478 81 29
166 80 41
371 68 53
470 2 4
454 54 6
498 98 21
343 62 31
204 78 15
244 57 43
42 36 23
384 79 37
348 46 56
53 47 57
360 68 14
491 47 59
248 62 44
107 100 25
281 4 35
206 90 11
426 29 10
318 65 38
144 98 37
445 20 48
433 75 39
374 94 4
449 65 10
254 12 20
440 85 58
44 86 27
382 96 11
229 40 32
300 71 29
351 70 5
400 58 -1
183 82 12
346 38 14
41 78 12
477 24 44
430 36 29
213 5 6
463 76 31
359 99 14
496 46 48
487 72 34
400 13 22
97 52 15
164 94 20
363 34 58
351 39 20
448 37 60
183 81 5
218 58 5
119 95 11
446 13 2
458 87 38
73 91 6
30 63 25
272 21 7
452 38 2
242 2 35
278 45 46
367 46 26
191 24 29
86 52 32
227 90 68
163 34 18
274 64 4
451 56 7
97 20 50
425 24 9
159 8 20
293 82 21
406 12 36
316 33 29
268 40 8
487 11 4
464 80 6
197 28 23
187 76 28
109 13 33
224 76 13
308 45 4
384 45 20
256 3 20
82 100 37
379 34 22
362 64 38
176 42 10
17 42 36
286 100 39
45 29 12
432 73 5
224 61 17
246 31 30
281 73 17
261 66 64
117 47 1
28 60 40
323 7 37
108 43 18
390 34 33
144 66 10
333 90 51
106 99 40
173 81 56
240 38 28
440 6 -1
403 67 28
81 56 55
88 82 35
339 32 10
157 37 48
76 18 53
360 80 55
149 64 29
57 57 32
149 93 4
427 34 1
239 57 11
137 15 20
465 87 62
378 42 6
309 71 5
235 75 58
256 26 21
136 61 6
388 21 30
378 23 49
61 28 54
321 60 7
431 34 23
260 36 9
148 41 48
128 51 7
480 -1 1
19 40 4
99 35 15
470 76 21
111 70 36
488 17 39
284 48 13
354 43 34
113 66 55
264 30 20
452 78 22
410 6 17
394 18 60
146 96 2
301 57 55
169 61 16
377 64 9
267 94 12
303 73 53
342 89 19
281 55 51
424 87 18
132 63 12
479 98 47
291 50 34
74 22 2
69 63 5
32 90 6
276 78 2
300 58 22
245 82 11
224 50 1
176 33 47
2 3 39
307 73 30
100 70 23
228 29 24
213 74 58
274 32 18
344 42 43
277 37 7
344 2 30
453 91 15
338 43 26
389 74 21
272 45 31
320 58 31
221 63 33
453 97 54
349 32 8
321 100 27
240 17 28
282 37 4
346 24 23
196 89 16
232 59 7
400 100 30
210 51 1
111 93 13
16 61 16
301 76 21
286 24 20
24 44 21
106 19 19
287 93 39
315 85 20
77 63 46
323 69 38
359 81 38
318 20 24
104 23 23
332 94 18
284 4 26
80 74 6
496 32 15
127 97 8
93 55 10
373 14 35
321 64 13
305 39 29
284 9 17
330 2 23
350 48 27
70 38 -1
311 70 4
385 83 53
322 44 27
352 39 18
92 40 8
489 10 45
389 8 17
5 77 14
98 34 50
468 92 34
236 23 55
413 11 5
132 91 36
229 32 2
306 87 35
453 78 40
12 87 45
128 28 5
167 72 47
28 41 3
84 14 15
397 63 15
489 53 6
346 47 13
274 27 11
299 40 26
432 1 21
366 21 11
335 40 22
186 57 17
164 93 23
239 61 20
187 38 11
229 85 55
175 2 48
490 29 38
355 20 18
410 90 38
65 71 9
283 49 6
450 48 15
193 72 42
43 54 31
226 71 39
18 12 2
291 24 25
485 32 54
185 88 24
259 54 18
106 2 13
124 21 18
154 5 12
122 15 51
305 29 39
421 4 55
232 95 29
246 5 46
328 26 52
482 22 53
90 41 5
298 64 45
495 22 5
450 25 6
17 37 24
370 21 33
76 21 1
298 73 24
337 83 49
405 49 32
213 89 63
397 64 13
304 27 13
147 41 28
108 94 20
41 71 58
106 54 51
330 51 35
281 95 47
219 73 61
371 89 44
196 88 37
464 66 32
204 91 22
374 29 21
75 48 13
378 37 42
383 67 9
299 61 35
256 86 16
67 18 15
123 58 23
481 92 25
217 63 44
487 45 11
210 65 -1
219 8 15
79 94 20
451 9 43
52 23 9
449 24 59
226 9 4
374 96 28
57 77 30
170 21 29
230 2 5
100 89 50
197 59 48
323 72 22
197 38 8
326 92 23
246 30 48
423 33 18
123 50 2
460 64 41
249 15 32
464 52 21
477 15 31
60 10 28
336 42 42
29 50 57
20 57 20
65 46 14
497 30 18
161 7 41
238 92 22
114 100 17
107 21 24
276 34 25
131 81 16
362 49 39
355 78 27
270 14 21
189 80 46
311 42 10
429 24 58
497 71 11
384 64 41
269 15 22
89 98 38
477 14 39
407 39 27
62 28 45
473 41 22
114 27 47
93 62 16
111 5 20
70 40 25
48 14 39
214 93 33
137 26 6
239 79 19
171 39 11
149 93 21
462 4 27
433 66 33
167 49 36
345 70 29
252 100 25
272 99 15
355 53 20
427 37 40
185 58 29
179 89 29
240 6 2
357 94 22
152 46 42
453 46 1
124 57 24
393 46 39
224 85 3
314 88 24
363 70 49
195 90 47
217 40 45
200 10 56
489 34 7
158 58 25
328 21 28
283 57 3
103 48 25
16 55 3
254 90 62
467 41 38
455 85 37
450 31 40
230 97 44
362 40 22
231 63 30
152 76 18
16 57 18
389 42 38
271 38 3
175 53 30
345 77 11
345 94 29
481 92 23
109 10 5
179 10 11
104 8 35
492 71 7
458 66 32
244 87 20
355 46 44
456 83 4
251 89 29
60 38 15
227 83 25
404 20 9
165 49 60
455 36 21
114 68 5
166 43 12
457 91 27
181 44 54
169 54 27
54 50 45
5 41 23
160 93 9
389 7 29
415 30 29
221 2 16
285 48 63
101 48 39
204 86 5
397 5 31
179 89 8
259 35 63
310 20 32
188 73 24
270 66 24
163 73 38
198 44 47
405 57 34
27 48 10
240 24 52
231 73 12
467 94 3
123 30 12
208 73 8
462 97 23
411 71 52
419 33 20
303 15 18
108 31 29
210 70 49
3 10 14
67 87 7
167 71 12
99 80 43
28 56 58
299 27 6
336 39 1
495 39 17
377 64 16
227 41 56
263 51 8
282 19 22
374 85 20
177 47 1
105 74 51
86 19 23
352 31 53
376 52 18
113 26 53
291 44 50
300 62 22
490 45 1
122 12 13
354 59 32
163 27 33
185 65 27
208 52 42
500 28 24
143 88 12
47 27 16
310 98 3
64 83 49
20 74 -1
157 55 13
456 92 6
438 43 26
304 55 6
166 26 15
229 22 29
336 35 23
89 65 18
55 12 22
134 22 25
21 68 49
343 63 29
17 78 45
300 59 33
183 83 53
340 75 3
179 38 47
257 75 4
289 43 27
221 29 39
210 81 26
411 84 26
386 98 34
228 79 2
488 77 21
217 5 34
77 68 49
355 9 17
273 2 6
485 92 42
141 39 34
118 98 26
126 61 59
417 33 32
53 98 20
6 54 44
55 98 23
489 62 15
352 59 28
277 34 1
80 76 22
407 96 2
401 19 11
374 8 27
348 54 29
158 39 28
346 81 6
340 77 11
242 55 23
449 76 13
223 82 18
139 34 24
131 66 9
57 51 19
185 83 10
237 68 46
291 100 38
75 7 23
241 98 6
83 89 32
406 73 9
475 1 18
335 49 30
117 21 39
498 47 65
449 52 33
192 80 63
305 21 9
173 97 21
198 79 15
199 51 12
499 69 7
352 72 21
254 10 31
359 16 9
447 45 24
103 63 21
428 16 55
438 35 54
472 43 26
375 69 8
317 60 13
429 100 48
87 35 26
320 6 15
307 66 51
189 73 14
499 85 38
1 90 49
119 89 6
375 7 22
427 57 7
144 11 2
452 16 19
245 29 50
194 16 15
251 1 4
336 75 38
269 80 28
348 3 47
107 48 21
86 95 23
315 39 51
170 27 23
94 27 10
472 39 29
419 29 20
129 30 59
189 86 40
275 2 17
437 95 24
250 52 19
35 63 52
56 18 55
58 23 64
289 52 27
342 13 46
293 13 55
476 23 3
337 30 14
168 21 24
270 6 17
177 16 7
373 60 29
447 60 11
149 77 31
149 48 10
313 91 53
339 54 17
232 22 32
287 14 11
151 30 21
40 19 5
308 76 57
389 90 29
228 42 20
374 97 40
38 11 42
101 71 50
362 66 52
207 98 14
348 22 28
64 6 57
355 89 31
299 40 55
470 94 4
277 35 4
393 64 58
249 98 39
28 28 41
77 73 27
442 83 19
176 8 15
393 50 47
330 28 30
493 42 38
169 1 38
374 53 25
113 39 30
312 2 22
458 21 38
2 55 52
67 78 30
378 54 18
443 21 13
275 6 43
478 66 26
220 39 35
326 24 3
199 65 5
89 84 23
262 85 37
372 89 5
380 44 21
484 17 4
294 73 36
55 52 4
484 18 51
80 16 17
74 73 6
450 35 45
69 27 22
330 45 29
252 83 18
62 12 30
402 9 36
14 13 22
500 93 48
494 16 39
268 84 47
387 28 37
389 41 8
143 85 44
149 12 38
395 70 23
286 67 7
48 30 22
62 45 31
386 8 13
74 26 52
487 42 19
405 87 51
56 46 49
165 48 27
105 91 19
33 60 20
320 57 28
280 58 25
13 50 66
242 11 30
222 27 37
69 17 31
369 48 24
264 37 33
92 10 39
310 48 11
376 18 56
92 73 19
93 96 36
224 54 7
46 74 38
366 58 23
345 59 50
345 44 33
461 39 26
173 56 49
1 62 34
336 93 33
427 57 5
183 27 2
422 6 23
104 89 16
80 1 14
127 32 55
68 34 44
112 40 7
322 100 41
21 85 10
114 81 10
261 56 14
482 52 50
353 50 38
490 46 8
248 11 48
283 72 36
85 29 17
190 13 36
255 53 14
394 44 24
206 96 7
83 60 50
128 81 38
352 28 32
137 92 42
150 32 50
468 14 16
484 52 61
2 55 55
151 29 29
80 45 5
424 82 22
14 11 30
231 85 37
369 24 26
277 48 18
303 76 34
255 64 6
497 52 35
176 5 51
445 68 20
464 100 20
463 72 3
24 51 26
326 49 25
464 51 22
2 34 33
190 71 32
107 6 26
168 71 32
294 16 19
194 25 43
188 48 38
349 4 32
93 3 5
493 10 50
267 35 9
406 68 4
336 10 25
434 19 1
466 27 8
30 56 40
350 57 58
478 50 21
18 48 11
457 11 48
482 93 37
420 39 28
5 12 8
323 74 24
172 67 19
224 86 20
376 23 27
469 91 8
483 77 15
329 10 57
347 62 7
290 90 18
432 65 16
410 62 28
343 52 23
413 70 5
332 37 28
378 91 27
315 82 25
424 24 29
485 37 50
433 43 16
366 47 44
310 69 40
153 36 21
102 46 36
281 15 10
115 1 20
175 32 30
389 34 22
21 74 24
419 96 29
1 9 18
123 89 8
189 1 38
69 68 49
490 21 50
304 23 44
394 43 27
192 76 35
277 73 19
367 46 53
51 18 37
107 91 7
308 35 4
260 72 36
345 80 29
464 20 52
292 25 11
273 92 49
62 38 22
69 4 20
14 5 18
101 63 19
482 73 13
260 56 42
382 20 9
267 73 27
136 41 25
160 85 61
413 64 42
419 52 22
382 98 16
119 14 28
352 89 41
91 34 64
356 30 21
170 60 17
360 11 28
256 45 21
97 67 12
11 94 43
237 51 14
45 85 19
231 7 12
51 6 58
324 54 15
24 16 26
9 94 16
273 30 20
440 66 33
122 90 29
47 18 4
356 28 8
140 10 13
221 67 11
369 49 38
243 34 30
269 41 24
473 73 20
2 11 50
389 62 43
497 31 19
98 9 19
357 77 13
310 81 24
270 39 57
438 96 14
328 96 69
45 96 29
365 80 53
97 95 32
498 84 10
65 91 15
435 32 8
10 6 26
188 27 10
65 69 15
108 78 18
442 63 36
249 53 40
231 57 40
62 93 25
300 32 32
454 91 1
185 18 6
489 51 44
350 72 18
349 86 51
417 73 11
478 64 47
448 52 28
366 43 28
342 64 5
369 28 5
48 21 47
421 15 16
433 32 28
166 10 9
452 98 16
462 72 13
52 33 16
353 41 25
308 34 30
465 26 16
230 76 45
189 77 43
179 32 70
92 81 17
83 5 13
275 67 54
173 72 51
103 27 47
303 72 29
104 77 48
309 83 27
86 51 5
87 81 38
33 72 26
372 95 16
138 94 14
475 82 22
177 4 60
391 76 65
347 55 31
436 75 65
132 70 36
425 82 62
285 43 57
411 89 19
317 13 22
140 53 31
55 7 44
83 76 54
224 39 10
289 85 16
447 4 24
126 2 14
441 20 20
286 70 46
307 15 22
233 14 34
347 14 20
323 41 33
242 30 33
449 79 2
88 100 29
69 75 3
141 32 38
221 43 30
42 8 41
391 86 13
478 22 22
197 6 19
426 2 27
61 77 63
163 35 33
289 89 44
179 61 29
497 12 38
365 30 46
31 99 26
3 70 30
447 91 42
140 66 27
212 83 37
58 99 11
86 91 23
442 76 22
223 52 5
342 8 47
467 4 32
162 1 15
451 79 14
169 77 4
105 62 22
213 38 39
60 33 30
228 60 13
230 50 45
262 33 16
147 45 9
406 15 19
152 19 32
303 36 51
315 47 20
476 4 19
130 54 47
263 10 44
264 14 6
365 22 30
125 69 2
383 12 23
288 76 37
206 25 52
448 2 38
17 95 12
369 90 23
411 26 25
37 34 18
62 43 12
68 11 32
168 31 55
378 7 35
148 80 16
357 51 15
485 74 37
469 93 20
156 76 52
246 60 36
148 49 36
294 98 50
407 4 12
149 69 22
466 51 13
38 69 18
391 97 39
208 55 5
203 82 40
231 21 37
424 62 38
383 80 58
282 53 20
173 85 47
200 40 49
152 12 39
342 40 31
463 94 34
276 7 21
340 82 14
470 19 7
363 3 15
365 60 33
90 82 27
465 75 54
414 30 35
336 76 24
347 62 4
76 32 29
198 44 66
292 67 26
46 7 50
234 29 15
285 61 25
369 66 50
208 94 16
450 43 38
463 15 3
113 54 60
268 28 26
370 91 54
432 95 11
412 81 8
129 95 62
352 18 23
285 37 15
304 97 7
67 48 4
134 61 33
224 11 46
445 26 38
320 78 -1
91 38 6
314 33 9
67 45 3
17 81 19
212 81 47
21 10 18
82 21 13
358 99 25
432 88 61
10 61 48
200 59 35
247 44 32
433 47 19
476 28 40
52 29 54
352 31 38
429 85 10
371 80 46
398 53 40
99 34 31
114 5 9
386 23 57
254 75 33
59 38 2
210 76 36
279 40 45
45 16 22
391 65 21
16 23 27
455 48 64
53 79 6
388 68 4
234 39 19
450 4 38
321 48 19
434 27 57
314 92 23
244 71 10
111 82 40
467 73 1
26 21 44
168 41 7
367 37 25
403 23 52
293 48 9
392 48 46
1 6 26
223 45 54
392 60 42
284 2 34
299 40 10
295 98 40
346 13 51
318 85 38
114 45 43
352 87 36
246 20 19
121 15 39
355 67 15
464 27 19
439 72 8
302 69 40
153 31 23
26 75 59
455 16 20
123 31 24
257 55 64
126 8 3
92 3 38
346 1 43
77 27 39
71 56 37
212 73 53
203 12 5
466 21 21
381 60 15
114 72 22
324 91 5
369 35 34
142 59 25
390 37 17
401 33 21
465 17 24
382 41 42
416 20 17
40 13 41
50 56 10
147 68 1
94 73 38
345 22 11
467 32 60
252 84 18
167 62 34
71 75 39
294 60 9
25 72 39
81 25 6
99 28 34
211 95 15
304 44 43
317 100 7
68 15 43
475 52 54
436 46 30
173 76 53
70 10 64
500 95 20
406 15 20
29 54 14
115 91 11
136 14 18
41 37 24
99 90 5
90 3 39
388 2 24
83 44 42
300 74 16
305 29 44
240 21 35
131 23 16
164 92 57
157 28 20
140 83 40
246 98 35
212 31 30
375 8 54
389 15 49
179 26 33
434 61 32
52 63 25
486 24 7
411 89 44
232 21 53
379 78 26
444 73 4
351 45 5
257 31 64
235 83 4
195 84 59
414 31 36
480 15 26
38 65 42
221 82 46
427 90 11
55 95 44
108 11 52
490 54 34
169 62 33
212 54 16
146 85 27
404 32 53
438 44 19
404 76 23
315 84 22
160 52 42
392 94 46
492 25 8
280 90 11
120 30 7
250 88 26
390 17 31
4 85 51
473 30 19
108 100 24
364 100 19
63 28 9
97 9 7
84 10 19
446 48 20
177 2 54
153 20 5
371 24 15
4 64 37
39 93 2
157 47 35
408 34 6
234 16 2
317 69 37
389 68 17
191 99 58
63 40 45
256 40 37
283 46 67
281 71 27
240 57 20
457 90 15
418 24 15
307 20 42
358 1 7
14 45 25
72 26 17
147 98 27
458 24 26
447 8 21
427 18 9
70 83 49
200 47 5
485 97 49
194 49 40
218 43 27
270 6 14
65 71 22
113 39 11
438 38 15
423 86 5
490 67 26
123 54 29
167 92 33
357 84 59
486 12 23
401 34 56
338 2 32
443 87 13
212 88 43
166 98 36
46 93 36
400 14 45
219 59 1
208 67 24
88 86 3
37 38 11
355 59 22
156 58 59
40 66 17
174 47 45
249 6 42
218 17 39
282 30 43
432 40 63
188 87 14
390 7 52
267 86 33
435 54 11
164 99 17
334 42 18
489 24 9
462 17 9
342 19 15
91 32 28
298 5 15
376 14 36
412 27 51
321 60 36
387 97 24
217 43 27
323 15 26
153 62 63
316 73 19
164 73 35
169 86 19
146 41 26
337 23 14
265 63 46
77 51 33
264 29 26
353 36 5
208 36 11
22 24 7
17 40 26
110 31 20
431 49 15
338 44 28
162 1 50
266 61 30
179 89 23
484 84 6
338 70 25
170 89 33
321 25 23
38 59 35
325 91 39
23 90 45
426 74 19
111 28 28
497 68 15
41 34 25
31 45 35
350 90 39
121 12 5
37 1 13
63 42 20
190 25 28
13 22 13
333 5 7
194 2 7
275 15 11
351 62 45
277 38 28
227 12 45
329 71 38
444 47 9
151 18 24
319 62 42
328 40 26
254 19 10
8 99 6
63 78 44
400 57 47
398 18 48
85 41 30
268 70 22
423 75 10
254 16 21
100 13 10
224 62 56
166 11 8
395 60 43
328 68 27
442 54 51
135 94 21
215 80 30
23 18 36
428 48 3
308 56 57
76 29 2
382 49 1
194 63 37
187 55 13
91 56 17
196 57 26
160 81 18
74 56 35
421 11 22
281 74 3
160 36 29
244 49 55
157 13 51
138 54 40
141 80 41
174 46 24
112 54 22
335 68 39
56 20 66
368 94 34
258 83 31
36 35 45
466 71 37
417 46 23
352 39 23
258 66 10
463 5 19
81 55 51
354 72 52
152 47 18
86 38 7
70 27 55
208 3 8
340 22 50
384 28 15
475 78 17
77 42 21
20 40 55
257 73 63
236 9 20
28 88 5
83 44 28
268 15 52
457 91 37
370 84 21
436 10 39
359 79 39
404 35 48
130 42 30
411 4 27
354 16 1
451 67 49
35 81 40
7 67 9
489 52 33
132 86 21
406 62 3
146 8 19
483 48 14
184 54 33
426 55 37
406 39 48
125 45 10
47 19 8
148 83 24
236 95 17
70 23 7
62 41 34
74 30 24
157 46 63
469 37 20
376 93 6
305 10 22
2 91 49
416 59 25
272 76 60
57 99 38
108 88 21
125 11 15
203 27 44
225 90 12
182 48 41
180 19 50
385 61 21
185 4 65
246 52 41
457 56 26
133 49 42
82 25 22
253 9 8
150 4 46
168 9 42
361 46 1
494 93 40
352 66 6
243 79 20
344 70 49
253 89 43
56 100 4
100 44 38
93 95 19
380 42 14
396 40 8
285 62 9
103 77 47
63 83 42
328 21 25
259 90 23
194 63 10
168 20 3
353 91 31
259 40 49
220 7 61
74 73 23
477 38 18
115 75 12
481 82 29
370 63 12
407 5 3
135 56 43
198 49 24
109 6 4
363 87 30
376 86 27
267 78 9
354 48 35
456 45 56
435 48 6
434 45 15
227 73 37
120 100 37
246 67 36
200 99 43
463 55 4
491 55 9
7 45 8
383 49 16
91 60 63
167 15 50
366 42 16
167 38 19
344 3 57
448 9 20
158 58 61
318 47 5
494 35 35
474 45 35
10 95 15
58 89 6
475 77 16
94 93 17
233 44 20
112 86 43
417 61 4
139 61 23
279 98 24
386 91 31
19 60 30
152 91 21
334 88 32
425 39 57
452 68 11
481 23 5
120 90 26
147 20 27
319 63 44
247 17 21
141 99 44
302 60 47
92 56 3
1 35 58
206 36 1
251 66 35
11 31 40
225 41 6
174 22 6
64 68 17
470 44 27
225 22 16
478 59 29
443 94 3
342 80 54
200 66 3
218 88 14
119 31 4
353 7 25
141 43 25
293 98 49
470 78 46
411 28 25
88 92 7
469 74 19
304 95 35
498 70 21
114 52 9
295 45 43
160 45 4
256 8 7
228 37 23
340 94 32
293 39 20
490 99 45
344 7 30
66 21 5
16 8 41
133 20 16
77 6 32
45 81 23
51 38 14
122 82 5
182 60 30
80 62 23
473 8 22
453 93 20
241 39 5
490 86 17
301 56 33
417 29 42
302 47 59
451 39 22
106 55 8
