167 41 44
13 59 33
36 44 39
218 5 30
393 49 29
368 53 14
228 80 39
434 8 2
401 81 17
222 61 34
456 35 62
101 48 5
196 26 43
402 70 37
436 48 15
321 86 21
273 74 21
470 31 -1
40 6 55
236 23 12
270 7 29
152 37 29
75 7 20
381 82 40
164 40 11
261 64 5
250 6 41
455 93 67
161 8 70
292 26 45
228 74 12
493 32 27
456 90 36
264 8 12
406 45 20
311 50 31
337 74 61
225 91 25
290 70 21
282 70 54
259 100 6
258 84 7
45 68 38
45 23 26
348 41 24
194 44 33
69 27 17
272 99 8
458 31 30
14 98 28
218 81 31
455 57 64
71 43 27
462 12 15
219 65 1
192 59 19
325 26 30
336 53 8
266 13 34
415 88 30
430 13 16
45 46 25
398 76 49
333 14 2
401 78 18
243 27 8
293 60 41
41 4 37
179 30 24
91 79 62
286 88 23
153 58 1
135 42 35
168 8 27
67 36 19
291 74 33
403 23 57
253 94 49
282 20 14
130 39 21
322 93 50
490 11 44
6 20 46
389 32 24
277 75 12
365 9 31
394 64 15
280 97 53
158 33 23
438 60 46
400 22 11
381 61 30
321 48 6
63 38 58
334 52 16
238 29 31
22 4 11
194 44 20
50 66 19
181 78 46
50 63 50
484 72 29
205 49 46
118 50 47
283 95 8
213 74 33
108 9 17
58 89 28
431 24 17
448 43 54
150 9 14
327 97 22
9 87 34
394 84 52
116 64 33
196 88 46
2 41 45
390 89 50
314 88 14
497 24 37
69 12 56
4 30 1
3 4 25
441 100 45
28 39 11
278 15 57
102 82 69
357 30 34
93 26 41
208 87 38
352 30 45
163 9 42
476 66 40
209 53 49
285 83 25
197 94 43
423 38 38
211 71 24
288 66 26
318 11 35
413 56 29
314 58 15
99 25 21
28 67 58
289 68 23
385 34 46
326 14 40
369 57 24
67 79 34
21 45 18
14 21 5
210 10 39
19 71 7
14 45 48
474 40 51
412 81 59
76 17 4
162 65 39
86 52 60
186 81 7
451 46 13
291 27 30
366 93 49
274 98 19
472 28 26
462 82 46
337 62 59
307 76 25
54 51 9
344 66 37
116 70 19
254 40 40
35 59 12
455 66 7
382 61 42
312 100 23
432 91 16
282 22 36
295 20 35
383 95 19
301 46 46
158 25 10
76 79 35
41 49 14
91 84 20
254 52 25
176 47 24
57 87 34
173 72 37
92 1 11
441 64 13
447 42 6
34 35 24
327 82 31
450 52 34
278 27 60
419 7 15
393 72 33
53 84 26
390 15 8
330 72 19
465 9 38
429 3 14
198 92 12
74 22 7
155 35 32
373 26 48
148 53 8
117 52 13
313 34 37
388 49 21
240 94 30
32 18 8
54 47 42
138 28 40
46 1 24
162 90 27
165 2 20
366 20 7
275 51 55
17 92 23
423 31 8
172 83 3
132 17 32
64 35 63
500 12 29
397 39 25
107 2 25
424 73 48
283 25 37
243 60 9
6 59 14
227 31 25
355 89 14
17 74 35
146 24 31
59 1 12
299 60 19
36 43 5
260 50 18
400 40 6
426 84 69
76 47 41
388 85 23
411 48 32
160 51 43
102 32 28
444 14 19
491 14 27
141 65 24
4 100 15
362 86 4
146 74 13
211 50 34
173 60 20
301 51 19
467 26 20
212 41 20
466 91 13
446 98 2
216 31 30
474 34 26
301 68 28
246 57 26
298 40 2
130 4 17
177 84 24
43 80 10
113 43 66
19 26 56
65 16 26
115 91 14
235 62 17
98 71 45
50 49 25
261 91 31
7 80 31
446 72 20
130 37 47
151 5 46
76 10 38
11 6 14
471 5 36
392 51 26
152 91 55
27 36 34
240 13 15
218 44 28
338 85 58
98 59 6
152 29 36
332 91 5
418 98 22
289 70 57
451 27 26
463 64 13
22 91 40
99 72 49
390 12 10
407 1 16
189 62 46
405 72 52
90 85 21
10 26 7
258 52 30
143 44 60
105 33 13
180 14 4
447 14 63
431 55 34
84 1 55
158 52 29
346 23 51
219 81 46
82 54 23
302 40 43
90 55 54
44 24 42
155 5 44
390 43 37
349 11 36
364 26 31
417 17 10
371 20 11
215 78 21
109 60 9
248 59 42
441 7 12
224 74 58
380 73 22
158 37 10
79 31 32
489 61 49
352 60 18
417 73 43
223 21 39
426 23 44
11 48 5
270 44 53
115 82 10
110 14 17
235 38 14
480 100 10
214 23 8
485 36 43
6 19 5
345 97 16
423 48 43
368 30 10
207 2 15
490 36 21
142 28 42
385 50 30
446 21 3
443 23 44
391 62 44
168 78 29
420 70 31
26 84 27
386 80 50
50 94 1
18 31 70
408 71 34
497 1 19
473 76 53
66 14 41
328 81 18
332 32 43
3 9 38
339 98 41
168 93 24
193 58 33
386 41 3
99 81 40
337 76 26
484 66 4
163 83 24
27 12 36
121 41 15
81 92 14
70 58 17
296 73 38
292 37 46
119 30 44
236 39 30
119 58 9
122 10 11
83 70 35
7 45 6
24 52 31
305 42 11
121 25 48
218 11 37
366 27 37
89 3 39
248 30 40
435 14 23
189 36 12
390 35 3
272 40 30
406 48 37
136 26 65
257 27 47
413 54 24
394 8 40
297 82 24
254 50 13
243 75 10
419 61 32
170 87 16
260 14 13
311 58 18
182 37 19
215 44 11
270 3 22
77 3 27
272 97 40
261 30 22
94 95 17
484 22 16
288 95 7
226 58 16
57 33 28
481 44 23
385 53 46
155 74 58
148 48 40
394 40 57
67 27 43
161 1 24
179 92 45
38 71 36
59 96 7
155 23 57
214 95 28
189 25 12
445 7 9
396 46 8
23 12 29
19 18 23
140 65 14
291 9 44
54 55 42
250 35 45
199 19 26
88 14 41
130 -1 43
83 11 14
297 6 18
253 29 54
38 43 3
212 96 15
175 19 3
58 26 23
188 18 27
487 90 26
365 96 22
186 82 19
157 14 57
170 68 30
173 70 25
9 58 4
244 50 18
493 9 29
353 80 28
482 72 60
13 87 19
101 13 5
234 98 53
356 1 31
106 42 15
482 72 16
179 99 46
37 53 34
265 84 32
33 6 49
6 57 18
467 96 57
273 30 8
337 19 2
217 1 8
95 69 38
166 9 33
217 80 35
175 78 42
159 34 45
352 43 2
396 71 13
179 90 35
450 8 4
447 53 10
225 64 15
442 34 18
147 80 21
57 83 18
255 42 24
13 52 36
322 64 10
196 92 41
401 81 62
482 100 6
127 89 53
237 60 43
79 60 58
79 64 10
407 55 30
467 51 21
350 23 13
88 23 18
159 34 26
365 72 16
2 57 21
63 75 30
109 15 21
156 50 10
160 46 26
332 21 14
185 71 7
364 86 2
406 41 36
178 7 54
47 50 67
261 28 13
26 68 5
284 15 12
422 90 51
61 7 40
386 53 2
296 3 43
51 38 5
495 62 7
429 96 10
362 51 32
93 30 46
203 73 18
249 88 6
86 12 31
129 53 10
469 46 25
29 100 44
204 65 12
389 25 25
212 27 31
439 28 40
48 65 43
170 -1 27
328 82 8
99 40 50
64 58 25
185 93 20
373 33 16
216 36 36
410 2 8
1 48 24
46 9 32
72 86 33
422 8 40
80 56 42
219 64 34
210 35 43
402 36 38
471 44 47
280 50 47
4 1 32
34 71 36
191 96 19
78 66 18
213 54 13
132 85 43
267 33 27
185 10 12
39 59 53
11 25 30
486 50 4
225 1 6
285 68 13
52 77 33
286 50 2
8 95 10
471 43 35
383 59 52
78 5 12
11 89 19
80 16 33
402 45 40
114 93 37
152 82 20
413 78 29
244 92 29
128 40 38
496 5 23
465 81 25
162 94 7
433 70 28
94 36 29
247 51 16
42 35 27
118 77 11
190 1 37
50 24 17
179 89 36
358 91 11
20 10 10
157 41 16
125 69 21
357 56 23
179 36 9
459 98 37
337 39 66
167 61 39
301 58 7
378 85 9
340 98 34
57 76 38
469 79 40
68 11 34
129 57 20
97 99 42
39 86 6
471 34 28
444 17 47
61 66 22
483 21 29
276 25 25
461 12 61
346 79 28
486 57 1
429 52 45
216 87 16
153 60 44
232 53 10
478 97 57
8 89 10
319 22 2
230 34 6
417 96 13
407 22 31
154 20 8
497 71 18
430 2 27
46 60 22
493 4 36
372 81 30
344 64 20
431 78 6
447 26 48
207 48 18
219 3 18
130 95 20
209 52 31
336 55 16
304 36 55
174 47 32
377 87 36
162 98 28
49 28 49
435 96 41
420 2 13
420 78 12
380 5 60
304 44 34
145 15 20
449 66 14
165 5 17
422 6 16
435 35 11
314 57 49
24 2 22
267 61 36
366 65 57
322 2 8
489 83 16
492 52 37
61 45 29
254 79 4
332 85 21
397 88 10
104 28 31
182 17 10
271 56 45
49 38 60
498 46 3
174 59 39
56 39 20
52 69 57
237 75 51
408 27 7
316 70 18
371 40 24
118 97 6
384 54 20
409 45 56
120 51 38
158 46 14
70 27 20
340 93 26
376 21 34
381 87 10
6 67 24
50 33 8
136 44 5
444 74 18
218 27 19
394 82 21
472 57 27
173 24 27
399 45 41
320 50 9
454 73 36
187 23 30
65 54 25
139 23 37
421 80 33
348 9 54
197 24 31
407 70 25
142 83 36
357 34 36
88 2 16
376 37 40
369 95 27
303 32 34
143 91 30
126 66 15
299 6 11
259 22 24
11 91 33
337 25 57
308 4 27
177 90 20
432 7 10
391 74 37
212 32 17
70 29 2
187 7 13
484 81 4
364 90 6
15 38 25
1 76 30
445 57 22
163 10 15
360 66 4
398 90 4
206 35 50
130 47 19
374 2 30
153 46 39
112 48 55
450 66 43
151 81 9
9 30 6
87 59 38
142 5 51
193 23 14
371 37 50
279 24 5
204 62 20
427 44 49
225 79 20
189 16 50
372 42 7
216 22 18
11 99 36
174 81 17
294 13 28
108 30 10
108 97 62
464 97 35
338 98 2
343 82 1
470 83 13
199 4 39
464 27 47
386 26 46
241 38 10
227 61 33
384 41 13
102 99 44
51 78 67
281 97 35
75 100 21
277 85 33
274 57 17
69 25 9
317 13 7
363 55 5
366 65 56
260 75 11
364 87 34
12 40 12
260 52 2
437 78 48
43 71 22
235 44 61
218 84 22
299 34 37
246 78 18
160 49 24
216 4 57
500 7 -1
165 86 5
236 98 47
174 4 24
363 22 21
54 79 35
436 90 17
96 85 50
54 46 27
65 22 10
387 62 16
344 27 13
130 20 62
495 80 53
385 33 5
249 53 13
191 82 4
298 60 45
464 56 33
92 51 65
470 45 6
313 41 8
189 23 21
265 72 29
69 53 31
68 74 45
217 87 41
385 90 2
118 9 19
1 39 58
314 34 3
5 46 45
50 18 5
304 56 18
48 39 34
439 7 24
327 36 44
230 17 28
295 59 62
376 17 8
276 63 16
405 47 40
107 89 35
201 30 33
140 63 27
353 84 33
106 90 5
350 36 44
168 21 53
66 97 21
43 58 50
476 77 17
80 6 39
298 54 35
457 36 23
132 10 20
370 3 39
29 49 12
359 6 26
403 67 9
102 62 22
478 52 28
407 24 20
93 52 30
149 87 42
287 68 64
374 19 29
386 62 44
75 51 18
444 61 31
64 62 44
6 93 36
422 55 2
404 40 42
167 22 21
112 72 13
76 58 24
470 54 15
7 63 39
231 18 30
384 38 36
326 25 61
74 46 27
449 49 45
327 38 16
358 5 44
42 28 23
403 96 24
95 33 15
230 88 26
190 93 20
83 79 28
96 55 9
489 75 31
22 7 13
363 61 27
10 7 25
3 67 19
272 17 24
342 90 5
402 66 19
449 50 3
102 42 41
151 81 25
333 20 21
330 29 62
190 36 28
216 98 32
199 21 47
314 51 34
331 15 19
208 15 43
168 91 43
381 59 61
99 64 57
179 42 45
405 90 55
156 53 12
315 61 35
200 14 28
374 73 32
63 20 34
197 22 38
121 17 39
469 38 39
45 100 13
399 36 49
459 70 7
210 69 1
494 1 9
231 10 58
107 12 33
403 48 13
18 64 14
263 81 58
90 8 48
203 16 34
354 98 9
116 17 4
409 73 24
477 84 11
99 63 65
252 8 38
91 45 51
112 37 37
234 1 22
116 58 46
229 5 15
366 81 11
78 26 20
246 64 25
108 34 6
499 4 53
104 96 27
5 16 21
372 100 54
132 70 46
334 92 22
374 52 54
271 90 36
74 2 13
429 90 25
41 100 33
421 44 23
125 69 30
472 15 40
4 76 10
378 78 12
150 18 17
383 53 1
341 44 8
354 97 43
321 97 2
353 45 27
374 54 17
303 39 1
60 85 45
206 8 8
343 25 33
394 88 54
263 24 2
93 43 24
411 77 27
89 15 16
339 25 17
32 38 44
163 23 43
282 66 37
460 10 12
226 70 12
455 4 30
453 93 2
109 14 22
264 9 2
248 27 19
488 61 60
348 72 11
342 29 4
421 26 1
153 12 51
231 7 48
